Chr	Start	End	Value
1	1	1000000	65
1	1000001	2000000	76
1	2000001	3000000	35
1	3000001	4000000	30
1	4000001	5000000	10
1	5000001	6000000	10
1	6000001	7000000	31
1	7000001	8000000	19
1	8000001	9000000	30
1	9000001	10000000	33
1	10000001	11000000	25
1	11000001	12000000	43
1	12000001	13000000	39
1	13000001	14000000	34
1	14000001	15000000	4
1	15000001	16000000	43
1	16000001	17000000	55
1	17000001	18000000	16
1	18000001	19000000	16
1	19000001	20000000	27
1	20000001	21000000	31
1	21000001	22000000	27
1	22000001	23000000	29
1	23000001	24000000	42
1	24000001	25000000	24
1	25000001	26000000	37
1	26000001	27000000	52
1	27000001	28000000	47
1	28000001	29000000	43
1	29000001	30000000	14
1	30000001	31000000	15
1	31000001	32000000	33
1	32000001	33000000	47
1	33000001	34000000	22
1	34000001	35000000	16
1	35000001	36000000	27
1	36000001	37000000	25
1	37000001	38000000	38
1	38000001	39000000	23
1	39000001	40000000	35
1	40000001	41000000	37
1	41000001	42000000	14
1	42000001	43000000	38
1	43000001	44000000	40
1	44000001	45000000	44
1	45000001	46000000	29
1	46000001	47000000	36
1	47000001	48000000	25
1	48000001	49000000	16
1	49000001	50000000	6
1	50000001	51000000	19
1	51000001	52000000	31
1	52000001	53000000	42
1	53000001	54000000	34
1	54000001	55000000	35
1	55000001	56000000	14
1	56000001	57000000	16
1	57000001	58000000	3
1	58000001	59000000	18
1	59000001	60000000	12
1	60000001	61000000	6
1	61000001	62000000	9
1	62000001	63000000	22
1	63000001	64000000	29
1	64000001	65000000	14
1	65000001	66000000	20
1	66000001	67000000	11
1	67000001	68000000	19
1	68000001	69000000	18
1	69000001	70000000	7
1	70000001	71000000	17
1	71000001	72000000	10
1	72000001	73000000	8
1	73000001	74000000	7
1	74000001	75000000	13
1	75000001	76000000	18
1	76000001	77000000	8
1	77000001	78000000	22
1	78000001	79000000	17
1	79000001	80000000	6
1	80000001	81000000	11
1	81000001	82000000	14
1	82000001	83000000	2
1	83000001	84000000	7
1	84000001	85000000	25
1	85000001	86000000	19
1	86000001	87000000	18
1	87000001	88000000	10
1	88000001	89000000	13
1	89000001	90000000	28
1	90000001	91000000	10
1	91000001	92000000	11
1	92000001	93000000	30
1	93000001	94000000	30
1	94000001	95000000	17
1	95000001	96000000	15
1	96000001	97000000	11
1	97000001	98000000	9
1	98000001	99000000	8
1	99000001	100000000	15
1	100000001	101000000	33
1	101000001	102000000	16
1	102000001	103000000	2
1	103000001	104000000	15
1	104000001	105000000	2
1	105000001	106000000	6
1	106000001	107000000	8
1	107000001	108000000	6
1	108000001	109000000	29
1	109000001	110000000	44
1	110000001	111000000	37
1	111000001	112000000	41
1	112000001	113000000	24
1	113000001	114000000	20
1	114000001	115000000	22
1	115000001	116000000	19
1	116000001	117000000	25
1	117000001	118000000	21
1	118000001	119000000	5
1	119000001	120000000	36
1	120000001	121000000	19
1	121000001	122000000	21
1	122000001	123000000	0
1	123000001	124000000	0
1	124000001	125000000	0
1	125000001	126000000	0
1	126000001	127000000	0
1	127000001	128000000	0
1	128000001	129000000	0
1	129000001	130000000	0
1	130000001	131000000	0
1	131000001	132000000	0
1	132000001	133000000	0
1	133000001	134000000	0
1	134000001	135000000	0
1	135000001	136000000	0
1	136000001	137000000	0
1	137000001	138000000	0
1	138000001	139000000	0
1	139000001	140000000	0
1	140000001	141000000	0
1	141000001	142000000	0
1	142000001	143000000	0
1	143000001	144000000	32
1	144000001	145000000	26
1	145000001	146000000	40
1	146000001	147000000	19
1	147000001	148000000	29
1	148000001	149000000	43
1	149000001	150000000	42
1	150000001	151000000	48
1	151000001	152000000	63
1	152000001	153000000	49
1	153000001	154000000	74
1	154000001	155000000	44
1	155000001	156000000	62
1	156000001	157000000	57
1	157000001	158000000	24
1	158000001	159000000	40
1	159000001	160000000	43
1	160000001	161000000	42
1	161000001	162000000	57
1	162000001	163000000	24
1	163000001	164000000	12
1	164000001	165000000	12
1	165000001	166000000	23
1	166000001	167000000	21
1	167000001	168000000	24
1	168000001	169000000	24
1	169000001	170000000	23
1	170000001	171000000	16
1	171000001	172000000	31
1	172000001	173000000	15
1	173000001	174000000	26
1	174000001	175000000	15
1	175000001	176000000	15
1	176000001	177000000	11
1	177000001	178000000	7
1	178000001	179000000	20
1	179000001	180000000	33
1	180000001	181000000	18
1	181000001	182000000	11
1	182000001	183000000	31
1	183000001	184000000	13
1	184000001	185000000	14
1	185000001	186000000	24
1	186000001	187000000	15
1	187000001	188000000	6
1	188000001	189000000	10
1	189000001	190000000	7
1	190000001	191000000	7
1	191000001	192000000	6
1	192000001	193000000	16
1	193000001	194000000	12
1	194000001	195000000	6
1	195000001	196000000	0
1	196000001	197000000	10
1	197000001	198000000	17
1	198000001	199000000	12
1	199000001	200000000	9
1	200000001	201000000	21
1	201000001	202000000	34
1	202000001	203000000	39
1	203000001	204000000	32
1	204000001	205000000	27
1	205000001	206000000	34
1	206000001	207000000	34
1	207000001	208000000	29
1	208000001	209000000	7
1	209000001	210000000	21
1	210000001	211000000	10
1	211000001	212000000	27
1	212000001	213000000	35
1	213000001	214000000	8
1	214000001	215000000	13
1	215000001	216000000	6
1	216000001	217000000	4
1	217000001	218000000	6
1	218000001	219000000	13
1	219000001	220000000	11
1	220000001	221000000	33
1	221000001	222000000	9
1	222000001	223000000	20
1	223000001	224000000	18
1	224000001	225000000	22
1	225000001	226000000	21
1	226000001	227000000	25
1	227000001	228000000	25
1	228000001	229000000	59
1	229000001	230000000	26
1	230000001	231000000	18
1	231000001	232000000	21
1	232000001	233000000	13
1	233000001	234000000	8
1	234000001	235000000	31
1	235000001	236000000	34
1	236000001	237000000	18
1	237000001	238000000	15
1	238000001	239000000	8
1	239000001	240000000	7
1	240000001	241000000	22
1	241000001	242000000	15
1	242000001	243000000	14
1	243000001	244000000	17
1	244000001	245000000	22
1	245000001	246000000	10
1	246000001	247000000	25
1	247000001	248000000	57
1	248000001	248956422	51
2	1	1000000	27
2	1000001	2000000	12
2	2000001	3000000	6
2	3000001	4000000	23
2	4000001	5000000	5
2	5000001	6000000	9
2	6000001	7000000	13
2	7000001	8000000	12
2	8000001	9000000	10
2	9000001	10000000	24
2	10000001	11000000	36
2	11000001	12000000	29
2	12000001	13000000	8
2	13000001	14000000	4
2	14000001	15000000	6
2	15000001	16000000	14
2	16000001	17000000	17
2	17000001	18000000	8
2	18000001	19000000	8
2	19000001	20000000	11
2	20000001	21000000	27
2	21000001	22000000	12
2	22000001	23000000	7
2	23000001	24000000	14
2	24000001	25000000	28
2	25000001	26000000	20
2	26000001	27000000	24
2	27000001	28000000	54
2	28000001	29000000	25
2	29000001	30000000	8
2	30000001	31000000	14
2	31000001	32000000	13
2	32000001	33000000	24
2	33000001	34000000	13
2	34000001	35000000	6
2	35000001	36000000	7
2	36000001	37000000	10
2	37000001	38000000	21
2	38000001	39000000	33
2	39000001	40000000	12
2	40000001	41000000	4
2	41000001	42000000	8
2	42000001	43000000	18
2	43000001	44000000	22
2	44000001	45000000	23
2	45000001	46000000	7
2	46000001	47000000	26
2	47000001	48000000	27
2	48000001	49000000	15
2	49000001	50000000	8
2	50000001	51000000	5
2	51000001	52000000	5
2	52000001	53000000	12
2	53000001	54000000	10
2	54000001	55000000	17
2	55000001	56000000	24
2	56000001	57000000	9
2	57000001	58000000	5
2	58000001	59000000	6
2	59000001	60000000	8
2	60000001	61000000	22
2	61000001	62000000	28
2	62000001	63000000	19
2	63000001	64000000	18
2	64000001	65000000	30
2	65000001	66000000	19
2	66000001	67000000	14
2	67000001	68000000	8
2	68000001	69000000	25
2	69000001	70000000	21
2	70000001	71000000	35
2	71000001	72000000	16
2	72000001	73000000	8
2	73000001	74000000	31
2	74000001	75000000	51
2	75000001	76000000	17
2	76000001	77000000	6
2	77000001	78000000	6
2	78000001	79000000	6
2	79000001	80000000	12
2	80000001	81000000	6
2	81000001	82000000	6
2	82000001	83000000	11
2	83000001	84000000	4
2	84000001	85000000	13
2	85000001	86000000	44
2	86000001	87000000	24
2	87000001	88000000	27
2	88000001	89000000	36
2	89000001	90000000	55
2	90000001	91000000	24
2	91000001	92000000	18
2	92000001	93000000	2
2	93000001	94000000	0
2	94000001	95000000	23
2	95000001	96000000	46
2	96000001	97000000	31
2	97000001	98000000	37
2	98000001	99000000	14
2	99000001	100000000	14
2	100000001	101000000	19
2	101000001	102000000	17
2	102000001	103000000	18
2	103000001	104000000	9
2	104000001	105000000	21
2	105000001	106000000	15
2	106000001	107000000	23
2	107000001	108000000	11
2	108000001	109000000	23
2	109000001	110000000	23
2	110000001	111000000	31
2	111000001	112000000	29
2	112000001	113000000	30
2	113000001	114000000	38
2	114000001	115000000	7
2	115000001	116000000	3
2	116000001	117000000	4
2	117000001	118000000	11
2	118000001	119000000	10
2	119000001	120000000	14
2	120000001	121000000	20
2	121000001	122000000	17
2	122000001	123000000	0
2	123000001	124000000	7
2	124000001	125000000	6
2	125000001	126000000	2
2	126000001	127000000	8
2	127000001	128000000	32
2	128000001	129000000	14
2	129000001	130000000	12
2	130000001	131000000	63
2	131000001	132000000	59
2	132000001	133000000	21
2	133000001	134000000	8
2	134000001	135000000	11
2	135000001	136000000	15
2	136000001	137000000	8
2	137000001	138000000	3
2	138000001	139000000	16
2	139000001	140000000	7
2	140000001	141000000	9
2	141000001	142000000	2
2	142000001	143000000	5
2	143000001	144000000	22
2	144000001	145000000	13
2	145000001	146000000	8
2	146000001	147000000	7
2	147000001	148000000	8
2	148000001	149000000	13
2	149000001	150000000	10
2	150000001	151000000	7
2	151000001	152000000	14
2	152000001	153000000	12
2	153000001	154000000	10
2	154000001	155000000	9
2	155000001	156000000	9
2	156000001	157000000	7
2	157000001	158000000	14
2	158000001	159000000	17
2	159000001	160000000	19
2	160000001	161000000	8
2	161000001	162000000	19
2	162000001	163000000	13
2	163000001	164000000	3
2	164000001	165000000	11
2	165000001	166000000	11
2	166000001	167000000	8
2	167000001	168000000	7
2	168000001	169000000	10
2	169000001	170000000	20
2	170000001	171000000	18
2	171000001	172000000	13
2	172000001	173000000	16
2	173000001	174000000	16
2	174000001	175000000	24
2	175000001	176000000	15
2	176000001	177000000	36
2	177000001	178000000	25
2	178000001	179000000	27
2	179000001	180000000	10
2	180000001	181000000	8
2	181000001	182000000	15
2	182000001	183000000	9
2	183000001	184000000	11
2	184000001	185000000	4
2	185000001	186000000	6
2	186000001	187000000	11
2	187000001	188000000	8
2	188000001	189000000	10
2	189000001	190000000	19
2	190000001	191000000	15
2	191000001	192000000	15
2	192000001	193000000	7
2	193000001	194000000	4
2	194000001	195000000	8
2	195000001	196000000	10
2	196000001	197000000	14
2	197000001	198000000	21
2	198000001	199000000	4
2	199000001	200000000	14
2	200000001	201000000	23
2	201000001	202000000	43
2	202000001	203000000	37
2	203000001	204000000	21
2	204000001	205000000	7
2	205000001	206000000	6
2	206000001	207000000	37
2	207000001	208000000	24
2	208000001	209000000	24
2	209000001	210000000	8
2	210000001	211000000	13
2	211000001	212000000	5
2	212000001	213000000	7
2	213000001	214000000	7
2	214000001	215000000	10
2	215000001	216000000	16
2	216000001	217000000	34
2	217000001	218000000	8
2	218000001	219000000	49
2	219000001	220000000	54
2	220000001	221000000	5
2	221000001	222000000	8
2	222000001	223000000	20
2	223000001	224000000	11
2	224000001	225000000	8
2	225000001	226000000	7
2	226000001	227000000	7
2	227000001	228000000	27
2	228000001	229000000	6
2	229000001	230000000	11
2	230000001	231000000	28
2	231000001	232000000	38
2	232000001	233000000	31
2	233000001	234000000	38
2	234000001	235000000	13
2	235000001	236000000	7
2	236000001	237000000	14
2	237000001	238000000	20
2	238000001	239000000	26
2	239000001	240000000	11
2	240000001	241000000	29
2	241000001	242000000	36
2	242000001	242193529	9
3	1	1000000	10
3	1000001	2000000	8
3	2000001	3000000	4
3	3000001	4000000	10
3	4000001	5000000	10
3	5000001	6000000	11
3	6000001	7000000	8
3	7000001	8000000	3
3	8000001	9000000	13
3	9000001	10000000	33
3	10000001	11000000	27
3	11000001	12000000	19
3	12000001	13000000	23
3	13000001	14000000	12
3	14000001	15000000	24
3	15000001	16000000	27
3	16000001	17000000	15
3	17000001	18000000	10
3	18000001	19000000	7
3	19000001	20000000	6
3	20000001	21000000	9
3	21000001	22000000	5
3	22000001	23000000	6
3	23000001	24000000	13
3	24000001	25000000	9
3	25000001	26000000	17
3	26000001	27000000	5
3	27000001	28000000	17
3	28000001	29000000	6
3	29000001	30000000	7
3	30000001	31000000	9
3	31000001	32000000	9
3	32000001	33000000	26
3	33000001	34000000	19
3	34000001	35000000	4
3	35000001	36000000	6
3	36000001	37000000	14
3	37000001	38000000	22
3	38000001	39000000	25
3	39000001	40000000	25
3	40000001	41000000	20
3	41000001	42000000	11
3	42000001	43000000	35
3	43000001	44000000	16
3	44000001	45000000	32
3	45000001	46000000	22
3	46000001	47000000	33
3	47000001	48000000	25
3	48000001	49000000	50
3	49000001	50000000	58
3	50000001	51000000	44
3	51000001	52000000	29
3	52000001	53000000	52
3	53000001	54000000	20
3	54000001	55000000	5
3	55000001	56000000	12
3	56000001	57000000	6
3	57000001	58000000	25
3	58000001	59000000	21
3	59000001	60000000	7
3	60000001	61000000	6
3	61000001	62000000	3
3	62000001	63000000	11
3	63000001	64000000	13
3	64000001	65000000	19
3	65000001	66000000	7
3	66000001	67000000	10
3	67000001	68000000	6
3	68000001	69000000	7
3	69000001	70000000	14
3	70000001	71000000	7
3	71000001	72000000	12
3	72000001	73000000	22
3	73000001	74000000	14
3	74000001	75000000	4
3	75000001	76000000	33
3	76000001	77000000	1
3	77000001	78000000	4
3	78000001	79000000	8
3	79000001	80000000	3
3	80000001	81000000	5
3	81000001	82000000	10
3	82000001	83000000	3
3	83000001	84000000	1
3	84000001	85000000	3
3	85000001	86000000	2
3	86000001	87000000	10
3	87000001	88000000	12
3	88000001	89000000	9
3	89000001	90000000	5
3	90000001	91000000	4
3	91000001	92000000	2
3	92000001	93000000	0
3	93000001	94000000	5
3	94000001	95000000	8
3	95000001	96000000	3
3	96000001	97000000	9
3	97000001	98000000	9
3	98000001	99000000	39
3	99000001	100000000	9
3	100000001	101000000	17
3	101000001	102000000	27
3	102000001	103000000	3
3	103000001	104000000	5
3	104000001	105000000	2
3	105000001	106000000	2
3	106000001	107000000	14
3	107000001	108000000	12
3	108000001	109000000	17
3	109000001	110000000	21
3	110000001	111000000	5
3	111000001	112000000	12
3	112000001	113000000	25
3	113000001	114000000	29
3	114000001	115000000	17
3	115000001	116000000	7
3	116000001	117000000	10
3	117000001	118000000	7
3	118000001	119000000	2
3	119000001	120000000	26
3	120000001	121000000	26
3	121000001	122000000	15
3	122000001	123000000	21
3	123000001	124000000	15
3	124000001	125000000	15
3	125000001	126000000	35
3	126000001	127000000	25
3	127000001	128000000	20
3	128000001	129000000	31
3	129000001	130000000	38
3	130000001	131000000	24
3	131000001	132000000	15
3	132000001	133000000	14
3	133000001	134000000	20
3	134000001	135000000	18
3	135000001	136000000	4
3	136000001	137000000	20
3	137000001	138000000	8
3	138000001	139000000	22
3	139000001	140000000	24
3	140000001	141000000	10
3	141000001	142000000	22
3	142000001	143000000	22
3	143000001	144000000	15
3	144000001	145000000	3
3	145000001	146000000	5
3	146000001	147000000	15
3	147000001	148000000	7
3	148000001	149000000	17
3	149000001	150000000	33
3	150000001	151000000	23
3	151000001	152000000	23
3	152000001	153000000	9
3	153000001	154000000	12
3	154000001	155000000	15
3	155000001	156000000	21
3	156000001	157000000	16
3	157000001	158000000	17
3	158000001	159000000	22
3	159000001	160000000	9
3	160000001	161000000	20
3	161000001	162000000	12
3	162000001	163000000	2
3	163000001	164000000	5
3	164000001	165000000	4
3	165000001	166000000	6
3	166000001	167000000	14
3	167000001	168000000	13
3	168000001	169000000	10
3	169000001	170000000	25
3	170000001	171000000	24
3	171000001	172000000	12
3	172000001	173000000	18
3	173000001	174000000	4
3	174000001	175000000	5
3	175000001	176000000	13
3	176000001	177000000	8
3	177000001	178000000	17
3	178000001	179000000	8
3	179000001	180000000	26
3	180000001	181000000	22
3	181000001	182000000	17
3	182000001	183000000	16
3	183000001	184000000	24
3	184000001	185000000	42
3	185000001	186000000	17
3	186000001	187000000	39
3	187000001	188000000	18
3	188000001	189000000	10
3	189000001	190000000	6
3	190000001	191000000	15
3	191000001	192000000	8
3	192000001	193000000	9
3	193000001	194000000	15
3	194000001	195000000	32
3	195000001	196000000	38
3	196000001	197000000	45
3	197000001	198000000	26
3	198000001	198295559	11
4	1	1000000	40
4	1000001	2000000	32
4	2000001	3000000	27
4	3000001	4000000	27
4	4000001	5000000	23
4	5000001	6000000	9
4	6000001	7000000	21
4	7000001	8000000	14
4	8000001	9000000	23
4	9000001	10000000	57
4	10000001	11000000	22
4	11000001	12000000	8
4	12000001	13000000	6
4	13000001	14000000	13
4	14000001	15000000	8
4	15000001	16000000	18
4	16000001	17000000	9
4	17000001	18000000	16
4	18000001	19000000	2
4	19000001	20000000	7
4	20000001	21000000	6
4	21000001	22000000	7
4	22000001	23000000	7
4	23000001	24000000	8
4	24000001	25000000	9
4	25000001	26000000	25
4	26000001	27000000	8
4	27000001	28000000	8
4	28000001	29000000	5
4	29000001	30000000	11
4	30000001	31000000	3
4	31000001	32000000	4
4	32000001	33000000	2
4	33000001	34000000	6
4	34000001	35000000	5
4	35000001	36000000	2
4	36000001	37000000	8
4	37000001	38000000	14
4	38000001	39000000	17
4	39000001	40000000	29
4	40000001	41000000	21
4	41000001	42000000	21
4	42000001	43000000	12
4	43000001	44000000	11
4	44000001	45000000	11
4	45000001	46000000	5
4	46000001	47000000	8
4	47000001	48000000	13
4	48000001	49000000	17
4	49000001	50000000	21
4	50000001	51000000	0
4	51000001	52000000	4
4	52000001	53000000	19
4	53000001	54000000	12
4	54000001	55000000	17
4	55000001	56000000	24
4	56000001	57000000	28
4	57000001	58000000	12
4	58000001	59000000	6
4	59000001	60000000	8
4	60000001	61000000	4
4	61000001	62000000	5
4	62000001	63000000	8
4	63000001	64000000	3
4	64000001	65000000	11
4	65000001	66000000	11
4	66000001	67000000	6
4	67000001	68000000	17
4	68000001	69000000	39
4	69000001	70000000	34
4	70000001	71000000	25
4	71000001	72000000	8
4	72000001	73000000	5
4	73000001	74000000	25
4	74000001	75000000	15
4	75000001	76000000	22
4	76000001	77000000	27
4	77000001	78000000	18
4	78000001	79000000	15
4	79000001	80000000	9
4	80000001	81000000	8
4	81000001	82000000	7
4	82000001	83000000	27
4	83000001	84000000	19
4	84000001	85000000	11
4	85000001	86000000	4
4	86000001	87000000	14
4	87000001	88000000	23
4	88000001	89000000	27
4	89000001	90000000	12
4	90000001	91000000	3
4	91000001	92000000	6
4	92000001	93000000	8
4	93000001	94000000	4
4	94000001	95000000	8
4	95000001	96000000	6
4	96000001	97000000	5
4	97000001	98000000	4
4	98000001	99000000	18
4	99000001	100000000	25
4	100000001	101000000	8
4	101000001	102000000	6
4	102000001	103000000	20
4	103000001	104000000	10
4	104000001	105000000	9
4	105000001	106000000	20
4	106000001	107000000	7
4	107000001	108000000	10
4	108000001	109000000	13
4	109000001	110000000	22
4	110000001	111000000	18
4	111000001	112000000	6
4	112000001	113000000	35
4	113000001	114000000	12
4	114000001	115000000	5
4	115000001	116000000	5
4	116000001	117000000	11
4	117000001	118000000	8
4	118000001	119000000	15
4	119000001	120000000	22
4	120000001	121000000	9
4	121000001	122000000	18
4	122000001	123000000	14
4	123000001	124000000	9
4	124000001	125000000	6
4	125000001	126000000	6
4	126000001	127000000	3
4	127000001	128000000	14
4	128000001	129000000	12
4	129000001	130000000	10
4	130000001	131000000	5
4	131000001	132000000	10
4	132000001	133000000	8
4	133000001	134000000	4
4	134000001	135000000	9
4	135000001	136000000	9
4	136000001	137000000	6
4	137000001	138000000	11
4	138000001	139000000	12
4	139000001	140000000	27
4	140000001	141000000	19
4	141000001	142000000	8
4	142000001	143000000	5
4	143000001	144000000	18
4	144000001	145000000	12
4	145000001	146000000	22
4	146000001	147000000	15
4	147000001	148000000	16
4	148000001	149000000	10
4	149000001	150000000	9
4	150000001	151000000	7
4	151000001	152000000	25
4	152000001	153000000	20
4	153000001	154000000	14
4	154000001	155000000	19
4	155000001	156000000	26
4	156000001	157000000	11
4	157000001	158000000	12
4	158000001	159000000	19
4	159000001	160000000	10
4	160000001	161000000	3
4	161000001	162000000	1
4	162000001	163000000	6
4	163000001	164000000	12
4	164000001	165000000	21
4	165000001	166000000	20
4	166000001	167000000	5
4	167000001	168000000	6
4	168000001	169000000	13
4	169000001	170000000	14
4	170000001	171000000	11
4	171000001	172000000	7
4	172000001	173000000	1
4	173000001	174000000	20
4	174000001	175000000	14
4	175000001	176000000	8
4	176000001	177000000	13
4	177000001	178000000	11
4	178000001	179000000	4
4	179000001	180000000	3
4	180000001	181000000	2
4	181000001	182000000	7
4	182000001	183000000	10
4	183000001	184000000	23
4	184000001	185000000	28
4	185000001	186000000	22
4	186000001	187000000	19
4	187000001	188000000	12
4	188000001	189000000	18
4	189000001	190000000	13
4	190000001	190214555	20
5	1	1000000	35
5	1000001	2000000	35
5	2000001	3000000	9
5	3000001	4000000	6
5	4000001	5000000	12
5	5000001	6000000	13
5	6000001	7000000	18
5	7000001	8000000	19
5	8000001	9000000	25
5	9000001	10000000	14
5	10000001	11000000	40
5	11000001	12000000	2
5	12000001	13000000	5
5	13000001	14000000	7
5	14000001	15000000	14
5	15000001	16000000	8
5	16000001	17000000	16
5	17000001	18000000	46
5	18000001	19000000	8
5	19000001	20000000	4
5	20000001	21000000	7
5	21000001	22000000	8
5	22000001	23000000	4
5	23000001	24000000	11
5	24000001	25000000	13
5	25000001	26000000	11
5	26000001	27000000	7
5	27000001	28000000	4
5	28000001	29000000	9
5	29000001	30000000	13
5	30000001	31000000	2
5	31000001	32000000	25
5	32000001	33000000	17
5	33000001	34000000	16
5	34000001	35000000	19
5	35000001	36000000	12
5	36000001	37000000	19
5	37000001	38000000	20
5	38000001	39000000	18
5	39000001	40000000	10
5	40000001	41000000	18
5	41000001	42000000	12
5	42000001	43000000	13
5	43000001	44000000	30
5	44000001	45000000	10
5	45000001	46000000	5
5	46000001	47000000	0
5	47000001	48000000	0
5	48000001	49000000	0
5	49000001	50000000	0
5	50000001	51000000	11
5	51000001	52000000	12
5	52000001	53000000	9
5	53000001	54000000	14
5	54000001	55000000	13
5	55000001	56000000	33
5	56000001	57000000	26
5	57000001	58000000	12
5	58000001	59000000	11
5	59000001	60000000	4
5	60000001	61000000	17
5	61000001	62000000	16
5	62000001	63000000	10
5	63000001	64000000	4
5	64000001	65000000	8
5	65000001	66000000	20
5	66000001	67000000	9
5	67000001	68000000	14
5	68000001	69000000	14
5	69000001	70000000	33
5	70000001	71000000	17
5	71000001	72000000	17
5	72000001	73000000	22
5	73000001	74000000	23
5	74000001	75000000	20
5	75000001	76000000	23
5	76000001	77000000	24
5	77000001	78000000	17
5	78000001	79000000	13
5	79000001	80000000	21
5	80000001	81000000	31
5	81000001	82000000	11
5	82000001	83000000	17
5	83000001	84000000	16
5	84000001	85000000	3
5	85000001	86000000	14
5	86000001	87000000	13
5	87000001	88000000	12
5	88000001	89000000	15
5	89000001	90000000	5
5	90000001	91000000	9
5	91000001	92000000	16
5	92000001	93000000	9
5	93000001	94000000	10
5	94000001	95000000	12
5	95000001	96000000	21
5	96000001	97000000	16
5	97000001	98000000	15
5	98000001	99000000	20
5	99000001	100000000	8
5	100000001	101000000	22
5	101000001	102000000	3
5	102000001	103000000	9
5	103000001	104000000	11
5	104000001	105000000	6
5	105000001	106000000	4
5	106000001	107000000	3
5	107000001	108000000	7
5	108000001	109000000	7
5	109000001	110000000	16
5	110000001	111000000	7
5	111000001	112000000	16
5	112000001	113000000	20
5	113000001	114000000	6
5	114000001	115000000	4
5	115000001	116000000	28
5	116000001	117000000	16
5	117000001	118000000	7
5	118000001	119000000	10
5	119000001	120000000	18
5	120000001	121000000	7
5	121000001	122000000	9
5	122000001	123000000	15
5	123000001	124000000	14
5	124000001	125000000	13
5	125000001	126000000	8
5	126000001	127000000	15
5	127000001	128000000	19
5	128000001	129000000	6
5	129000001	130000000	9
5	130000001	131000000	8
5	131000001	132000000	13
5	132000001	133000000	47
5	133000001	134000000	17
5	134000001	135000000	43
5	135000001	136000000	27
5	136000001	137000000	20
5	137000001	138000000	9
5	138000001	139000000	30
5	139000001	140000000	40
5	140000001	141000000	49
5	141000001	142000000	93
5	142000001	143000000	14
5	143000001	144000000	13
5	144000001	145000000	8
5	145000001	146000000	9
5	146000001	147000000	21
5	147000001	148000000	14
5	148000001	149000000	18
5	149000001	150000000	32
5	150000001	151000000	29
5	151000001	152000000	31
5	152000001	153000000	3
5	153000001	154000000	5
5	154000001	155000000	25
5	155000001	156000000	5
5	156000001	157000000	7
5	157000001	158000000	31
5	158000001	159000000	13
5	159000001	160000000	16
5	160000001	161000000	21
5	161000001	162000000	5
5	162000001	163000000	4
5	163000001	164000000	13
5	164000001	165000000	5
5	165000001	166000000	7
5	166000001	167000000	4
5	167000001	168000000	9
5	168000001	169000000	18
5	169000001	170000000	8
5	170000001	171000000	18
5	171000001	172000000	15
5	172000001	173000000	26
5	173000001	174000000	25
5	174000001	175000000	20
5	175000001	176000000	11
5	176000001	177000000	38
5	177000001	178000000	43
5	178000001	179000000	33
5	179000001	180000000	37
5	180000001	181000000	32
5	181000001	181538259	32
6	1	1000000	19
6	1000001	2000000	12
6	2000001	3000000	19
6	3000001	4000000	32
6	4000001	5000000	23
6	5000001	6000000	17
6	6000001	7000000	17
6	7000001	8000000	22
6	8000001	9000000	9
6	9000001	10000000	2
6	10000001	11000000	33
6	11000001	12000000	20
6	12000001	13000000	7
6	13000001	14000000	17
6	14000001	15000000	10
6	15000001	16000000	12
6	16000001	17000000	14
6	17000001	18000000	14
6	18000001	19000000	12
6	19000001	20000000	9
6	20000001	21000000	11
6	21000001	22000000	8
6	22000001	23000000	8
6	23000001	24000000	8
6	24000001	25000000	23
6	25000001	26000000	31
6	26000001	27000000	66
6	27000001	28000000	58
6	28000001	29000000	54
6	29000001	30000000	83
6	30000001	31000000	72
6	31000001	32000000	112
6	32000001	33000000	63
6	33000001	34000000	58
6	34000001	35000000	27
6	35000001	36000000	31
6	36000001	37000000	32
6	37000001	38000000	20
6	38000001	39000000	14
6	39000001	40000000	17
6	40000001	41000000	10
6	41000001	42000000	43
6	42000001	43000000	26
6	43000001	44000000	48
6	44000001	45000000	24
6	45000001	46000000	8
6	46000001	47000000	19
6	47000001	48000000	14
6	48000001	49000000	5
6	49000001	50000000	21
6	50000001	51000000	10
6	51000001	52000000	6
6	52000001	53000000	30
6	53000001	54000000	29
6	54000001	55000000	14
6	55000001	56000000	6
6	56000001	57000000	9
6	57000001	58000000	19
6	58000001	59000000	4
6	59000001	60000000	0
6	60000001	61000000	5
6	61000001	62000000	3
6	62000001	63000000	4
6	63000001	64000000	19
6	64000001	65000000	3
6	65000001	66000000	4
6	66000001	67000000	3
6	67000001	68000000	7
6	68000001	69000000	5
6	69000001	70000000	4
6	70000001	71000000	16
6	71000001	72000000	19
6	72000001	73000000	8
6	73000001	74000000	33
6	74000001	75000000	7
6	75000001	76000000	24
6	76000001	77000000	8
6	77000001	78000000	4
6	78000001	79000000	3
6	79000001	80000000	23
6	80000001	81000000	12
6	81000001	82000000	10
6	82000001	83000000	6
6	83000001	84000000	11
6	84000001	85000000	10
6	85000001	86000000	21
6	86000001	87000000	10
6	87000001	88000000	28
6	88000001	89000000	9
6	89000001	90000000	29
6	90000001	91000000	6
6	91000001	92000000	8
6	92000001	93000000	7
6	93000001	94000000	6
6	94000001	95000000	5
6	95000001	96000000	5
6	96000001	97000000	14
6	97000001	98000000	3
6	98000001	99000000	8
6	99000001	100000000	17
6	100000001	101000000	11
6	101000001	102000000	1
6	102000001	103000000	3
6	103000001	104000000	2
6	104000001	105000000	8
6	105000001	106000000	14
6	106000001	107000000	21
6	107000001	108000000	17
6	108000001	109000000	29
6	109000001	110000000	19
6	110000001	111000000	21
6	111000001	112000000	19
6	112000001	113000000	19
6	113000001	114000000	12
6	114000001	115000000	10
6	115000001	116000000	2
6	116000001	117000000	26
6	117000001	118000000	15
6	118000001	119000000	9
6	119000001	120000000	8
6	120000001	121000000	4
6	121000001	122000000	15
6	122000001	123000000	14
6	123000001	124000000	6
6	124000001	125000000	2
6	125000001	126000000	12
6	126000001	127000000	9
6	127000001	128000000	19
6	128000001	129000000	8
6	129000001	130000000	11
6	130000001	131000000	7
6	131000001	132000000	19
6	132000001	133000000	33
6	133000001	134000000	12
6	134000001	135000000	21
6	135000001	136000000	14
6	136000001	137000000	25
6	137000001	138000000	15
6	138000001	139000000	18
6	139000001	140000000	13
6	140000001	141000000	8
6	141000001	142000000	4
6	142000001	143000000	12
6	143000001	144000000	22
6	144000001	145000000	14
6	145000001	146000000	10
6	146000001	147000000	12
6	147000001	148000000	8
6	148000001	149000000	9
6	149000001	150000000	44
6	150000001	151000000	19
6	151000001	152000000	19
6	152000001	153000000	15
6	153000001	154000000	16
6	154000001	155000000	14
6	155000001	156000000	9
6	156000001	157000000	9
6	157000001	158000000	15
6	158000001	159000000	25
6	159000001	160000000	28
6	160000001	161000000	20
6	161000001	162000000	3
6	162000001	163000000	4
6	163000001	164000000	14
6	164000001	165000000	4
6	165000001	166000000	8
6	166000001	167000000	26
6	167000001	168000000	25
6	168000001	169000000	14
6	169000001	170000000	25
6	170000001	170805979	21
7	1	1000000	27
7	1000001	2000000	29
7	2000001	3000000	21
7	3000001	4000000	7
7	4000001	5000000	11
7	5000001	6000000	32
7	6000001	7000000	39
7	7000001	8000000	21
7	8000001	9000000	9
7	9000001	10000000	9
7	10000001	11000000	8
7	11000001	12000000	7
7	12000001	13000000	15
7	13000001	14000000	5
7	14000001	15000000	6
7	15000001	16000000	8
7	16000001	17000000	18
7	17000001	18000000	12
7	18000001	19000000	7
7	19000001	20000000	11
7	20000001	21000000	17
7	21000001	22000000	10
7	22000001	23000000	15
7	23000001	24000000	28
7	24000001	25000000	10
7	25000001	26000000	16
7	26000001	27000000	15
7	27000001	28000000	54
7	28000001	29000000	9
7	29000001	30000000	19
7	30000001	31000000	35
7	31000001	32000000	8
7	32000001	33000000	19
7	33000001	34000000	15
7	34000001	35000000	10
7	35000001	36000000	17
7	36000001	37000000	23
7	37000001	38000000	13
7	38000001	39000000	31
7	39000001	40000000	21
7	40000001	41000000	10
7	41000001	42000000	3
7	42000001	43000000	11
7	43000001	44000000	21
7	44000001	45000000	45
7	45000001	46000000	24
7	46000001	47000000	10
7	47000001	48000000	13
7	48000001	49000000	10
7	49000001	50000000	5
7	50000001	51000000	15
7	51000001	52000000	10
7	52000001	53000000	3
7	53000001	54000000	14
7	54000001	55000000	11
7	55000001	56000000	32
7	56000001	57000000	44
7	57000001	58000000	63
7	58000001	59000000	0
7	59000001	60000000	0
7	60000001	61000000	0
7	61000001	62000000	0
7	62000001	63000000	1
7	63000001	64000000	57
7	64000001	65000000	48
7	65000001	66000000	33
7	66000001	67000000	41
7	67000001	68000000	13
7	68000001	69000000	8
7	69000001	70000000	9
7	70000001	71000000	2
7	71000001	72000000	6
7	72000001	73000000	17
7	73000001	74000000	45
7	74000001	75000000	21
7	75000001	76000000	40
7	76000001	77000000	32
7	77000001	78000000	26
7	78000001	79000000	6
7	79000001	80000000	11
7	80000001	81000000	12
7	81000001	82000000	8
7	82000001	83000000	4
7	83000001	84000000	7
7	84000001	85000000	8
7	85000001	86000000	5
7	86000001	87000000	4
7	87000001	88000000	17
7	88000001	89000000	15
7	89000001	90000000	3
7	90000001	91000000	17
7	91000001	92000000	8
7	92000001	93000000	24
7	93000001	94000000	17
7	94000001	95000000	17
7	95000001	96000000	16
7	96000001	97000000	14
7	97000001	98000000	27
7	98000001	99000000	14
7	99000001	100000000	44
7	100000001	101000000	71
7	101000001	102000000	29
7	102000001	103000000	45
7	103000001	104000000	20
7	104000001	105000000	8
7	105000001	106000000	19
7	106000001	107000000	14
7	107000001	108000000	22
7	108000001	109000000	13
7	109000001	110000000	6
7	110000001	111000000	3
7	111000001	112000000	7
7	112000001	113000000	16
7	113000001	114000000	6
7	114000001	115000000	7
7	115000001	116000000	11
7	116000001	117000000	26
7	117000001	118000000	23
7	118000001	119000000	5
7	119000001	120000000	2
7	120000001	121000000	9
7	121000001	122000000	12
7	122000001	123000000	16
7	123000001	124000000	17
7	124000001	125000000	12
7	125000001	126000000	11
7	126000001	127000000	4
7	127000001	128000000	15
7	128000001	129000000	52
7	129000001	130000000	27
7	130000001	131000000	38
7	131000001	132000000	16
7	132000001	133000000	8
7	133000001	134000000	9
7	134000001	135000000	13
7	135000001	136000000	24
7	136000001	137000000	8
7	137000001	138000000	11
7	138000001	139000000	25
7	139000001	140000000	20
7	140000001	141000000	26
7	141000001	142000000	33
7	142000001	143000000	97
7	143000001	144000000	50
7	144000001	145000000	30
7	145000001	146000000	6
7	146000001	147000000	3
7	147000001	148000000	9
7	148000001	149000000	20
7	149000001	150000000	32
7	150000001	151000000	36
7	151000001	152000000	37
7	152000001	153000000	22
7	153000001	154000000	5
7	154000001	155000000	8
7	155000001	156000000	26
7	156000001	157000000	13
7	157000001	158000000	22
7	158000001	159000000	11
7	159000001	159345973	3
8	1	1000000	23
8	1000001	2000000	21
8	2000001	3000000	11
8	3000001	4000000	3
8	4000001	5000000	3
8	5000001	6000000	12
8	6000001	7000000	25
8	7000001	8000000	78
8	8000001	9000000	33
8	9000001	10000000	22
8	10000001	11000000	24
8	11000001	12000000	41
8	12000001	13000000	54
8	13000001	14000000	13
8	14000001	15000000	9
8	15000001	16000000	6
8	16000001	17000000	7
8	17000001	18000000	25
8	18000001	19000000	16
8	19000001	20000000	15
8	20000001	21000000	17
8	21000001	22000000	6
8	22000001	23000000	39
8	23000001	24000000	32
8	24000001	25000000	12
8	25000001	26000000	13
8	26000001	27000000	15
8	27000001	28000000	32
8	28000001	29000000	22
8	29000001	30000000	21
8	30000001	31000000	31
8	31000001	32000000	9
8	32000001	33000000	6
8	33000001	34000000	23
8	34000001	35000000	8
8	35000001	36000000	4
8	36000001	37000000	15
8	37000001	38000000	27
8	38000001	39000000	36
8	39000001	40000000	17
8	40000001	41000000	10
8	41000001	42000000	23
8	42000001	43000000	27
8	43000001	44000000	29
8	44000001	45000000	0
8	45000001	46000000	0
8	46000001	47000000	17
8	47000001	48000000	22
8	48000001	49000000	17
8	49000001	50000000	9
8	50000001	51000000	5
8	51000001	52000000	10
8	52000001	53000000	12
8	53000001	54000000	17
8	54000001	55000000	18
8	55000001	56000000	11
8	56000001	57000000	25
8	57000001	58000000	13
8	58000001	59000000	14
8	59000001	60000000	10
8	60000001	61000000	15
8	61000001	62000000	13
8	62000001	63000000	9
8	63000001	64000000	16
8	64000001	65000000	12
8	65000001	66000000	11
8	66000001	67000000	24
8	67000001	68000000	12
8	68000001	69000000	10
8	69000001	70000000	19
8	70000001	71000000	17
8	71000001	72000000	9
8	72000001	73000000	13
8	73000001	74000000	29
8	74000001	75000000	21
8	75000001	76000000	7
8	76000001	77000000	11
8	77000001	78000000	3
8	78000001	79000000	11
8	79000001	80000000	10
8	80000001	81000000	29
8	81000001	82000000	29
8	82000001	83000000	6
8	83000001	84000000	4
8	84000001	85000000	10
8	85000001	86000000	29
8	86000001	87000000	20
8	87000001	88000000	7
8	88000001	89000000	6
8	89000001	90000000	8
8	90000001	91000000	13
8	91000001	92000000	14
8	92000001	93000000	12
8	93000001	94000000	25
8	94000001	95000000	29
8	95000001	96000000	15
8	96000001	97000000	12
8	97000001	98000000	14
8	98000001	99000000	25
8	99000001	100000000	16
8	100000001	101000000	32
8	101000001	102000000	25
8	102000001	103000000	25
8	103000001	104000000	26
8	104000001	105000000	11
8	105000001	106000000	10
8	106000001	107000000	10
8	107000001	108000000	5
8	108000001	109000000	10
8	109000001	110000000	15
8	110000001	111000000	7
8	111000001	112000000	7
8	112000001	113000000	3
8	113000001	114000000	4
8	114000001	115000000	3
8	115000001	116000000	2
8	116000001	117000000	9
8	117000001	118000000	8
8	118000001	119000000	8
8	119000001	120000000	18
8	120000001	121000000	9
8	121000001	122000000	6
8	122000001	123000000	13
8	123000001	124000000	32
8	124000001	125000000	27
8	125000001	126000000	12
8	126000001	127000000	13
8	127000001	128000000	16
8	128000001	129000000	8
8	129000001	130000000	13
8	130000001	131000000	10
8	131000001	132000000	5
8	132000001	133000000	11
8	133000001	134000000	23
8	134000001	135000000	17
8	135000001	136000000	5
8	136000001	137000000	1
8	137000001	138000000	6
8	138000001	139000000	4
8	139000001	140000000	8
8	140000001	141000000	12
8	141000001	142000000	22
8	142000001	143000000	32
8	143000001	144000000	58
8	144000001	145000000	70
8	145000001	145138636	5
9	1	1000000	24
9	1000001	2000000	9
9	2000001	3000000	11
9	3000001	4000000	9
9	4000001	5000000	18
9	5000001	6000000	31
9	6000001	7000000	26
9	7000001	8000000	8
9	8000001	9000000	5
9	9000001	10000000	3
9	10000001	11000000	7
9	11000001	12000000	3
9	12000001	13000000	10
9	13000001	14000000	9
9	14000001	15000000	16
9	15000001	16000000	15
9	16000001	17000000	8
9	17000001	18000000	8
9	18000001	19000000	5
9	19000001	20000000	25
9	20000001	21000000	10
9	21000001	22000000	47
9	22000001	23000000	11
9	23000001	24000000	9
9	24000001	25000000	3
9	25000001	26000000	4
9	26000001	27000000	10
9	27000001	28000000	16
9	28000001	29000000	5
9	29000001	30000000	4
9	30000001	31000000	9
9	31000001	32000000	6
9	32000001	33000000	20
9	33000001	34000000	47
9	34000001	35000000	47
9	35000001	36000000	58
9	36000001	37000000	17
9	37000001	38000000	34
9	38000001	39000000	26
9	39000001	40000000	26
9	40000001	41000000	29
9	41000001	42000000	33
9	42000001	43000000	32
9	43000001	44000000	1
9	44000001	45000000	0
9	45000001	46000000	0
9	46000001	47000000	0
9	47000001	48000000	0
9	48000001	49000000	0
9	49000001	50000000	0
9	50000001	51000000	0
9	51000001	52000000	0
9	52000001	53000000	0
9	53000001	54000000	0
9	54000001	55000000	0
9	55000001	56000000	0
9	56000001	57000000	0
9	57000001	58000000	0
9	58000001	59000000	0
9	59000001	60000000	0
9	60000001	61000000	6
9	61000001	62000000	26
9	62000001	63000000	33
9	63000001	64000000	20
9	64000001	65000000	21
9	65000001	66000000	16
9	66000001	67000000	27
9	67000001	68000000	22
9	68000001	69000000	18
9	69000001	70000000	16
9	70000001	71000000	14
9	71000001	72000000	7
9	72000001	73000000	15
9	73000001	74000000	8
9	74000001	75000000	10
9	75000001	76000000	10
9	76000001	77000000	14
9	77000001	78000000	9
9	78000001	79000000	10
9	79000001	80000000	12
9	80000001	81000000	6
9	81000001	82000000	14
9	82000001	83000000	10
9	83000001	84000000	20
9	84000001	85000000	7
9	85000001	86000000	12
9	86000001	87000000	14
9	87000001	88000000	27
9	88000001	89000000	17
9	89000001	90000000	15
9	90000001	91000000	14
9	91000001	92000000	14
9	92000001	93000000	39
9	93000001	94000000	19
9	94000001	95000000	26
9	95000001	96000000	25
9	96000001	97000000	24
9	97000001	98000000	35
9	98000001	99000000	17
9	99000001	100000000	19
9	100000001	101000000	15
9	101000001	102000000	19
9	102000001	103000000	6
9	103000001	104000000	5
9	104000001	105000000	23
9	105000001	106000000	12
9	106000001	107000000	10
9	107000001	108000000	20
9	108000001	109000000	11
9	109000001	110000000	14
9	110000001	111000000	13
9	111000001	112000000	20
9	112000001	113000000	21
9	113000001	114000000	30
9	114000001	115000000	22
9	115000001	116000000	7
9	116000001	117000000	9
9	117000001	118000000	13
9	118000001	119000000	4
9	119000001	120000000	4
9	120000001	121000000	11
9	121000001	122000000	17
9	122000001	123000000	38
9	123000001	124000000	15
9	124000001	125000000	25
9	125000001	126000000	18
9	126000001	127000000	13
9	127000001	128000000	38
9	128000001	129000000	54
9	129000001	130000000	40
9	130000001	131000000	19
9	131000001	132000000	24
9	132000001	133000000	17
9	133000001	134000000	38
9	134000001	135000000	29
9	135000001	136000000	24
9	136000001	137000000	69
9	137000001	138000000	57
9	138000001	138394717	9
10	1	1000000	18
10	1000001	2000000	10
10	2000001	3000000	12
10	3000001	4000000	17
10	4000001	5000000	13
10	5000001	6000000	36
10	6000001	7000000	24
10	7000001	8000000	13
10	8000001	9000000	15
10	9000001	10000000	3
10	10000001	11000000	11
10	11000001	12000000	14
10	12000001	13000000	18
10	13000001	14000000	27
10	14000001	15000000	19
10	15000001	16000000	15
10	16000001	17000000	10
10	17000001	18000000	19
10	18000001	19000000	11
10	19000001	20000000	12
10	20000001	21000000	7
10	21000001	22000000	23
10	22000001	23000000	22
10	23000001	24000000	10
10	24000001	25000000	12
10	25000001	26000000	14
10	26000001	27000000	18
10	27000001	28000000	25
10	28000001	29000000	23
10	29000001	30000000	10
10	30000001	31000000	24
10	31000001	32000000	15
10	32000001	33000000	18
10	33000001	34000000	16
10	34000001	35000000	11
10	35000001	36000000	19
10	36000001	37000000	10
10	37000001	38000000	22
10	38000001	39000000	26
10	39000001	40000000	0
10	40000001	41000000	0
10	41000001	42000000	0
10	42000001	43000000	30
10	43000001	44000000	33
10	44000001	45000000	15
10	45000001	46000000	34
10	46000001	47000000	31
10	47000001	48000000	25
10	48000001	49000000	21
10	49000001	50000000	24
10	50000001	51000000	23
10	51000001	52000000	6
10	52000001	53000000	10
10	53000001	54000000	4
10	54000001	55000000	5
10	55000001	56000000	7
10	56000001	57000000	2
10	57000001	58000000	4
10	58000001	59000000	11
10	59000001	60000000	12
10	60000001	61000000	8
10	61000001	62000000	7
10	62000001	63000000	11
10	63000001	64000000	15
10	64000001	65000000	6
10	65000001	66000000	6
10	66000001	67000000	2
10	67000001	68000000	16
10	68000001	69000000	34
10	69000001	70000000	27
10	70000001	71000000	24
10	71000001	72000000	13
10	72000001	73000000	29
10	73000001	74000000	58
10	74000001	75000000	14
10	75000001	76000000	26
10	76000001	77000000	9
10	77000001	78000000	17
10	78000001	79000000	11
10	79000001	80000000	37
10	80000001	81000000	30
10	81000001	82000000	1
10	82000001	83000000	5
10	83000001	84000000	6
10	84000001	85000000	16
10	85000001	86000000	12
10	86000001	87000000	19
10	87000001	88000000	37
10	88000001	89000000	19
10	89000001	90000000	30
10	90000001	91000000	11
10	91000001	92000000	17
10	92000001	93000000	19
10	93000001	94000000	22
10	94000001	95000000	21
10	95000001	96000000	17
10	96000001	97000000	23
10	97000001	98000000	31
10	98000001	99000000	10
10	99000001	100000000	20
10	100000001	101000000	35
10	101000001	102000000	31
10	102000001	103000000	39
10	103000001	104000000	29
10	104000001	105000000	17
10	105000001	106000000	5
10	106000001	107000000	3
10	107000001	108000000	2
10	108000001	109000000	6
10	109000001	110000000	9
10	110000001	111000000	25
10	111000001	112000000	6
10	112000001	113000000	18
10	113000001	114000000	12
10	114000001	115000000	24
10	115000001	116000000	3
10	116000001	117000000	16
10	117000001	118000000	17
10	118000001	119000000	13
10	119000001	120000000	29
10	120000001	121000000	11
10	121000001	122000000	14
10	122000001	123000000	19
10	123000001	124000000	15
10	124000001	125000000	19
10	125000001	126000000	24
10	126000001	127000000	7
10	127000001	128000000	11
10	128000001	129000000	6
10	129000001	130000000	10
10	130000001	131000000	10
10	131000001	132000000	10
10	132000001	133000000	17
10	133000001	133797422	53
11	1	1000000	77
11	1000001	2000000	49
11	2000001	3000000	38
11	3000001	4000000	48
11	4000001	5000000	57
11	5000001	6000000	79
11	6000001	7000000	55
11	7000001	8000000	30
11	8000001	9000000	27
11	9000001	10000000	27
11	10000001	11000000	21
11	11000001	12000000	15
11	12000001	13000000	16
11	13000001	14000000	22
11	14000001	15000000	15
11	15000001	16000000	9
11	16000001	17000000	7
11	17000001	18000000	23
11	18000001	19000000	53
11	19000001	20000000	17
11	20000001	21000000	10
11	21000001	22000000	6
11	22000001	23000000	14
11	23000001	24000000	11
11	24000001	25000000	3
11	25000001	26000000	6
11	26000001	27000000	8
11	27000001	28000000	16
11	28000001	29000000	11
11	29000001	30000000	13
11	30000001	31000000	9
11	31000001	32000000	8
11	32000001	33000000	25
11	33000001	34000000	28
11	34000001	35000000	16
11	35000001	36000000	21
11	36000001	37000000	14
11	37000001	38000000	3
11	38000001	39000000	5
11	39000001	40000000	4
11	40000001	41000000	4
11	41000001	42000000	10
11	42000001	43000000	3
11	43000001	44000000	29
11	44000001	45000000	18
11	45000001	46000000	26
11	46000001	47000000	28
11	47000001	48000000	42
11	48000001	49000000	32
11	49000001	50000000	34
11	50000001	51000000	12
11	51000001	52000000	0
11	52000001	53000000	0
11	53000001	54000000	0
11	54000001	55000000	11
11	55000001	56000000	51
11	56000001	57000000	71
11	57000001	58000000	43
11	58000001	59000000	48
11	59000001	60000000	50
11	60000001	61000000	37
11	61000001	62000000	47
11	62000001	63000000	77
11	63000001	64000000	34
11	64000001	65000000	60
11	65000001	66000000	86
11	66000001	67000000	62
11	67000001	68000000	60
11	68000001	69000000	25
11	69000001	70000000	26
11	70000001	71000000	27
11	71000001	72000000	37
11	72000001	73000000	48
11	73000001	74000000	32
11	74000001	75000000	35
11	75000001	76000000	41
11	76000001	77000000	25
11	77000001	78000000	25
11	78000001	79000000	20
11	79000001	80000000	8
11	80000001	81000000	5
11	81000001	82000000	6
11	82000001	83000000	10
11	83000001	84000000	25
11	84000001	85000000	7
11	85000001	86000000	14
11	86000001	87000000	26
11	87000001	88000000	20
11	88000001	89000000	12
11	89000001	90000000	46
11	90000001	91000000	21
11	91000001	92000000	11
11	92000001	93000000	12
11	93000001	94000000	40
11	94000001	95000000	23
11	95000001	96000000	23
11	96000001	97000000	10
11	97000001	98000000	6
11	98000001	99000000	4
11	99000001	100000000	1
11	100000001	101000000	7
11	101000001	102000000	8
11	102000001	103000000	34
11	103000001	104000000	15
11	104000001	105000000	10
11	105000001	106000000	15
11	106000001	107000000	9
11	107000001	108000000	15
11	108000001	109000000	16
11	109000001	110000000	12
11	110000001	111000000	8
11	111000001	112000000	37
11	112000001	113000000	33
11	113000001	114000000	25
11	114000001	115000000	16
11	115000001	116000000	19
11	116000001	117000000	13
11	117000001	118000000	29
11	118000001	119000000	52
11	119000001	120000000	47
11	120000001	121000000	13
11	121000001	122000000	10
11	122000001	123000000	21
11	123000001	124000000	31
11	124000001	125000000	61
11	125000001	126000000	29
11	126000001	127000000	27
11	127000001	128000000	9
11	128000001	129000000	14
11	129000001	130000000	11
11	130000001	131000000	24
11	131000001	132000000	12
11	132000001	133000000	6
11	133000001	134000000	10
11	134000001	135000000	23
11	135000001	135086622	2
12	1	1000000	28
12	1000001	2000000	16
12	2000001	3000000	32
12	3000001	4000000	21
12	4000001	5000000	27
12	5000001	6000000	12
12	6000001	7000000	73
12	7000001	8000000	45
12	8000001	9000000	58
12	9000001	10000000	47
12	10000001	11000000	46
12	11000001	12000000	31
12	12000001	13000000	37
12	13000001	14000000	14
12	14000001	15000000	26
12	15000001	16000000	13
12	16000001	17000000	11
12	17000001	18000000	9
12	18000001	19000000	9
12	19000001	20000000	14
12	20000001	21000000	10
12	21000001	22000000	20
12	22000001	23000000	17
12	23000001	24000000	5
12	24000001	25000000	13
12	25000001	26000000	25
12	26000001	27000000	17
12	27000001	28000000	32
12	28000001	29000000	10
12	29000001	30000000	13
12	30000001	31000000	15
12	31000001	32000000	43
12	32000001	33000000	26
12	33000001	34000000	8
12	34000001	35000000	10
12	35000001	36000000	0
12	36000001	37000000	0
12	37000001	38000000	1
12	38000001	39000000	15
12	39000001	40000000	10
12	40000001	41000000	12
12	41000001	42000000	9
12	42000001	43000000	24
12	43000001	44000000	11
12	44000001	45000000	7
12	45000001	46000000	18
12	46000001	47000000	14
12	47000001	48000000	35
12	48000001	49000000	69
12	49000001	50000000	50
12	50000001	51000000	33
12	51000001	52000000	32
12	52000001	53000000	61
12	53000001	54000000	60
12	54000001	55000000	50
12	55000001	56000000	63
12	56000001	57000000	65
12	57000001	58000000	64
12	58000001	59000000	8
12	59000001	60000000	11
12	60000001	61000000	5
12	61000001	62000000	4
12	62000001	63000000	21
12	63000001	64000000	19
12	64000001	65000000	34
12	65000001	66000000	19
12	66000001	67000000	17
12	67000001	68000000	17
12	68000001	69000000	33
12	69000001	70000000	23
12	70000001	71000000	13
12	71000001	72000000	18
12	72000001	73000000	7
12	73000001	74000000	8
12	74000001	75000000	11
12	75000001	76000000	21
12	76000001	77000000	22
12	77000001	78000000	4
12	78000001	79000000	9
12	79000001	80000000	15
12	80000001	81000000	15
12	81000001	82000000	10
12	82000001	83000000	6
12	83000001	84000000	5
12	84000001	85000000	7
12	85000001	86000000	9
12	86000001	87000000	3
12	87000001	88000000	10
12	88000001	89000000	11
12	89000001	90000000	24
12	90000001	91000000	6
12	91000001	92000000	12
12	92000001	93000000	16
12	93000001	94000000	26
12	94000001	95000000	20
12	95000001	96000000	28
12	96000001	97000000	17
12	97000001	98000000	23
12	98000001	99000000	14
12	99000001	100000000	4
12	100000001	101000000	19
12	101000001	102000000	33
12	102000001	103000000	16
12	103000001	104000000	19
12	104000001	105000000	17
12	105000001	106000000	8
12	106000001	107000000	21
12	107000001	108000000	21
12	108000001	109000000	21
12	109000001	110000000	31
12	110000001	111000000	30
12	111000001	112000000	23
12	112000001	113000000	22
12	113000001	114000000	27
12	114000001	115000000	18
12	115000001	116000000	15
12	116000001	117000000	23
12	117000001	118000000	10
12	118000001	119000000	22
12	119000001	120000000	18
12	120000001	121000000	52
12	121000001	122000000	35
12	122000001	123000000	38
12	123000001	124000000	45
12	124000001	125000000	26
12	125000001	126000000	13
12	126000001	127000000	23
12	127000001	128000000	20
12	128000001	129000000	15
12	129000001	130000000	10
12	130000001	131000000	33
12	131000001	132000000	35
12	132000001	133000000	52
12	133000001	133275309	17
13	1	1000000	0
13	1000001	2000000	0
13	2000001	3000000	0
13	3000001	4000000	0
13	4000001	5000000	0
13	5000001	6000000	0
13	6000001	7000000	0
13	7000001	8000000	0
13	8000001	9000000	0
13	9000001	10000000	0
13	10000001	11000000	0
13	11000001	12000000	0
13	12000001	13000000	0
13	13000001	14000000	0
13	14000001	15000000	0
13	15000001	16000000	0
13	16000001	17000000	0
13	17000001	18000000	0
13	18000001	19000000	32
13	19000001	20000000	35
13	20000001	21000000	27
13	21000001	22000000	29
13	22000001	23000000	14
13	23000001	24000000	18
13	24000001	25000000	29
13	25000001	26000000	18
13	26000001	27000000	20
13	27000001	28000000	30
13	28000001	29000000	17
13	29000001	30000000	12
13	30000001	31000000	29
13	31000001	32000000	10
13	32000001	33000000	16
13	33000001	34000000	13
13	34000001	35000000	10
13	35000001	36000000	5
13	36000001	37000000	20
13	37000001	38000000	14
13	38000001	39000000	13
13	39000001	40000000	11
13	40000001	41000000	16
13	41000001	42000000	25
13	42000001	43000000	15
13	43000001	44000000	13
13	44000001	45000000	21
13	45000001	46000000	29
13	46000001	47000000	24
13	47000001	48000000	6
13	48000001	49000000	23
13	49000001	50000000	23
13	50000001	51000000	23
13	51000001	52000000	29
13	52000001	53000000	29
13	53000001	54000000	8
13	54000001	55000000	5
13	55000001	56000000	4
13	56000001	57000000	3
13	57000001	58000000	12
13	58000001	59000000	6
13	59000001	60000000	4
13	60000001	61000000	15
13	61000001	62000000	6
13	62000001	63000000	8
13	63000001	64000000	11
13	64000001	65000000	2
13	65000001	66000000	4
13	66000001	67000000	6
13	67000001	68000000	9
13	68000001	69000000	9
13	69000001	70000000	5
13	70000001	71000000	5
13	71000001	72000000	7
13	72000001	73000000	11
13	73000001	74000000	14
13	74000001	75000000	8
13	75000001	76000000	16
13	76000001	77000000	10
13	77000001	78000000	20
13	78000001	79000000	14
13	79000001	80000000	11
13	80000001	81000000	8
13	81000001	82000000	7
13	82000001	83000000	1
13	83000001	84000000	5
13	84000001	85000000	5
13	85000001	86000000	6
13	86000001	87000000	5
13	87000001	88000000	12
13	88000001	89000000	7
13	89000001	90000000	10
13	90000001	91000000	8
13	91000001	92000000	13
13	92000001	93000000	10
13	93000001	94000000	4
13	94000001	95000000	14
13	95000001	96000000	15
13	96000001	97000000	10
13	97000001	98000000	11
13	98000001	99000000	19
13	99000001	100000000	29
13	100000001	101000000	15
13	101000001	102000000	7
13	102000001	103000000	23
13	103000001	104000000	4
13	104000001	105000000	1
13	105000001	106000000	7
13	106000001	107000000	15
13	107000001	108000000	6
13	108000001	109000000	7
13	109000001	110000000	14
13	110000001	111000000	25
13	111000001	112000000	11
13	112000001	113000000	18
13	113000001	114000000	39
13	114000001	114364328	13
14	1	1000000	0
14	1000001	2000000	0
14	2000001	3000000	0
14	3000001	4000000	0
14	4000001	5000000	0
14	5000001	6000000	0
14	6000001	7000000	0
14	7000001	8000000	0
14	8000001	9000000	0
14	9000001	10000000	0
14	10000001	11000000	0
14	11000001	12000000	0
14	12000001	13000000	0
14	13000001	14000000	0
14	14000001	15000000	0
14	15000001	16000000	0
14	16000001	17000000	1
14	17000001	18000000	0
14	18000001	19000000	30
14	19000001	20000000	52
14	20000001	21000000	70
14	21000001	22000000	75
14	22000001	23000000	132
14	23000001	24000000	50
14	24000001	25000000	56
14	25000001	26000000	8
14	26000001	27000000	9
14	27000001	28000000	4
14	28000001	29000000	16
14	29000001	30000000	8
14	30000001	31000000	17
14	31000001	32000000	25
14	32000001	33000000	13
14	33000001	34000000	1
14	34000001	35000000	24
14	35000001	36000000	30
14	36000001	37000000	24
14	37000001	38000000	12
14	38000001	39000000	13
14	39000001	40000000	18
14	40000001	41000000	3
14	41000001	42000000	7
14	42000001	43000000	7
14	43000001	44000000	5
14	44000001	45000000	15
14	45000001	46000000	17
14	46000001	47000000	4
14	47000001	48000000	6
14	48000001	49000000	7
14	49000001	50000000	34
14	50000001	51000000	33
14	51000001	52000000	27
14	52000001	53000000	21
14	53000001	54000000	13
14	54000001	55000000	11
14	55000001	56000000	28
14	56000001	57000000	16
14	57000001	58000000	14
14	58000001	59000000	25
14	59000001	60000000	12
14	60000001	61000000	29
14	61000001	62000000	15
14	62000001	63000000	8
14	63000001	64000000	25
14	64000001	65000000	26
14	65000001	66000000	22
14	66000001	67000000	8
14	67000001	68000000	29
14	68000001	69000000	18
14	69000001	70000000	21
14	70000001	71000000	29
14	71000001	72000000	16
14	72000001	73000000	11
14	73000001	74000000	47
14	74000001	75000000	33
14	75000001	76000000	33
14	76000001	77000000	25
14	77000001	78000000	36
14	78000001	79000000	7
14	79000001	80000000	7
14	80000001	81000000	5
14	81000001	82000000	20
14	82000001	83000000	5
14	83000001	84000000	6
14	84000001	85000000	7
14	85000001	86000000	7
14	86000001	87000000	5
14	87000001	88000000	10
14	88000001	89000000	20
14	89000001	90000000	18
14	90000001	91000000	20
14	91000001	92000000	21
14	92000001	93000000	14
14	93000001	94000000	24
14	94000001	95000000	28
14	95000001	96000000	25
14	96000001	97000000	25
14	97000001	98000000	9
14	98000001	99000000	10
14	99000001	100000000	19
14	100000001	101000000	95
14	101000001	102000000	69
14	102000001	103000000	22
14	103000001	104000000	49
14	104000001	105000000	35
14	105000001	106000000	89
14	106000001	107000000	135
14	107000001	107043718	0
15	1	1000000	0
15	1000001	2000000	0
15	2000001	3000000	0
15	3000001	4000000	0
15	4000001	5000000	0
15	5000001	6000000	0
15	6000001	7000000	0
15	7000001	8000000	0
15	8000001	9000000	0
15	9000001	10000000	0
15	10000001	11000000	0
15	11000001	12000000	0
15	12000001	13000000	0
15	13000001	14000000	0
15	14000001	15000000	0
15	15000001	16000000	0
15	16000001	17000000	0
15	17000001	18000000	0
15	18000001	19000000	0
15	19000001	20000000	8
15	20000001	21000000	46
15	21000001	22000000	53
15	22000001	23000000	41
15	23000001	24000000	25
15	24000001	25000000	20
15	25000001	26000000	101
15	26000001	27000000	11
15	27000001	28000000	13
15	28000001	29000000	39
15	29000001	30000000	13
15	30000001	31000000	58
15	31000001	32000000	12
15	32000001	33000000	34
15	33000001	34000000	12
15	34000001	35000000	35
15	35000001	36000000	18
15	36000001	37000000	14
15	37000001	38000000	9
15	38000001	39000000	11
15	39000001	40000000	19
15	40000001	41000000	62
15	41000001	42000000	42
15	42000001	43000000	30
15	43000001	44000000	49
15	44000001	45000000	29
15	45000001	46000000	42
15	46000001	47000000	8
15	47000001	48000000	11
15	48000001	49000000	24
15	49000001	50000000	19
15	50000001	51000000	27
15	51000001	52000000	32
15	52000001	53000000	25
15	53000001	54000000	7
15	54000001	55000000	3
15	55000001	56000000	21
15	56000001	57000000	23
15	57000001	58000000	18
15	58000001	59000000	32
15	59000001	60000000	28
15	60000001	61000000	17
15	61000001	62000000	11
15	62000001	63000000	24
15	63000001	64000000	20
15	64000001	65000000	32
15	65000001	66000000	38
15	66000001	67000000	30
15	67000001	68000000	18
15	68000001	69000000	15
15	69000001	70000000	22
15	70000001	71000000	20
15	71000001	72000000	12
15	72000001	73000000	38
15	73000001	74000000	19
15	74000001	75000000	48
15	75000001	76000000	55
15	76000001	77000000	16
15	77000001	78000000	25
15	78000001	79000000	39
15	79000001	80000000	25
15	80000001	81000000	24
15	81000001	82000000	17
15	82000001	83000000	38
15	83000001	84000000	19
15	84000001	85000000	46
15	85000001	86000000	28
15	86000001	87000000	8
15	87000001	88000000	5
15	88000001	89000000	22
15	89000001	90000000	42
15	90000001	91000000	52
15	91000001	92000000	15
15	92000001	93000000	30
15	93000001	94000000	16
15	94000001	95000000	9
15	95000001	96000000	11
15	96000001	97000000	28
15	97000001	98000000	11
15	98000001	99000000	17
15	99000001	100000000	27
15	100000001	101000000	25
15	101000001	101991189	41
16	1	1000000	87
16	1000001	2000000	92
16	2000001	3000000	98
16	3000001	4000000	65
16	4000001	5000000	47
16	5000001	6000000	19
16	6000001	7000000	7
16	7000001	8000000	7
16	8000001	9000000	23
16	9000001	10000000	14
16	10000001	11000000	30
16	11000001	12000000	39
16	12000001	13000000	18
16	13000001	14000000	10
16	14000001	15000000	38
16	15000001	16000000	33
16	16000001	17000000	25
16	17000001	18000000	14
16	18000001	19000000	31
16	19000001	20000000	32
16	20000001	21000000	29
16	21000001	22000000	35
16	22000001	23000000	22
16	23000001	24000000	32
16	24000001	25000000	14
16	25000001	26000000	19
16	26000001	27000000	10
16	27000001	28000000	20
16	28000001	29000000	62
16	29000001	30000000	64
16	30000001	31000000	98
16	31000001	32000000	72
16	32000001	33000000	55
16	33000001	34000000	48
16	34000001	35000000	14
16	35000001	36000000	77
16	36000001	37000000	0
16	37000001	38000000	0
16	38000001	39000000	0
16	39000001	40000000	0
16	40000001	41000000	0
16	41000001	42000000	0
16	42000001	43000000	0
16	43000001	44000000	0
16	44000001	45000000	0
16	45000001	46000000	0
16	46000001	47000000	20
16	47000001	48000000	21
16	48000001	49000000	23
16	49000001	50000000	20
16	50000001	51000000	34
16	51000001	52000000	14
16	52000001	53000000	18
16	53000001	54000000	26
16	54000001	55000000	15
16	55000001	56000000	21
16	56000001	57000000	45
16	57000001	58000000	41
16	58000001	59000000	36
16	59000001	60000000	7
16	60000001	61000000	8
16	61000001	62000000	4
16	62000001	63000000	6
16	63000001	64000000	10
16	64000001	65000000	7
16	65000001	66000000	9
16	66000001	67000000	35
16	67000001	68000000	67
16	68000001	69000000	51
16	69000001	70000000	39
16	70000001	71000000	38
16	71000001	72000000	39
16	72000001	73000000	21
16	73000001	74000000	14
16	74000001	75000000	26
16	75000001	76000000	42
16	76000001	77000000	12
16	77000001	78000000	16
16	78000001	79000000	17
16	79000001	80000000	19
16	80000001	81000000	12
16	81000001	82000000	33
16	82000001	83000000	14
16	83000001	84000000	12
16	84000001	85000000	32
16	85000001	86000000	33
16	86000001	87000000	27
16	87000001	88000000	35
16	88000001	89000000	39
16	89000001	90000000	42
16	90000001	90338345	13
17	1	1000000	32
17	1000001	2000000	33
17	2000001	3000000	53
17	3000001	4000000	46
17	4000001	5000000	58
17	5000001	6000000	28
17	6000001	7000000	32
17	7000001	8000000	99
17	8000001	9000000	51
17	9000001	10000000	22
17	10000001	11000000	31
17	11000001	12000000	8
17	12000001	13000000	15
17	13000001	14000000	8
17	14000001	15000000	16
17	15000001	16000000	46
17	16000001	17000000	53
17	17000001	18000000	38
17	18000001	19000000	62
17	19000001	20000000	68
17	20000001	21000000	61
17	21000001	22000000	28
17	22000001	23000000	34
17	23000001	24000000	0
17	24000001	25000000	0
17	25000001	26000000	0
17	26000001	27000000	2
17	27000001	28000000	36
17	28000001	29000000	86
17	29000001	30000000	41
17	30000001	31000000	61
17	31000001	32000000	33
17	32000001	33000000	48
17	33000001	34000000	12
17	34000001	35000000	28
17	35000001	36000000	69
17	36000001	37000000	42
17	37000001	38000000	28
17	38000001	39000000	45
17	39000001	40000000	41
17	40000001	41000000	55
17	41000001	42000000	81
17	42000001	43000000	72
17	43000001	44000000	58
17	44000001	45000000	61
17	45000001	46000000	49
17	46000001	47000000	27
17	47000001	48000000	41
17	48000001	49000000	61
17	49000001	50000000	44
17	50000001	51000000	59
17	51000001	52000000	15
17	52000001	53000000	4
17	53000001	54000000	8
17	54000001	55000000	9
17	55000001	56000000	12
17	56000001	57000000	18
17	57000001	58000000	24
17	58000001	59000000	44
17	59000001	60000000	36
17	60000001	61000000	37
17	61000001	62000000	17
17	62000001	63000000	34
17	63000001	64000000	47
17	64000001	65000000	47
17	65000001	66000000	9
17	66000001	67000000	14
17	67000001	68000000	31
17	68000001	69000000	28
17	69000001	70000000	19
17	70000001	71000000	9
17	71000001	72000000	6
17	72000001	73000000	13
17	73000001	74000000	22
17	74000001	75000000	37
17	75000001	76000000	61
17	76000001	77000000	59
17	77000001	78000000	24
17	78000001	79000000	41
17	79000001	80000000	20
17	80000001	81000000	32
17	81000001	82000000	78
17	82000001	83000000	58
17	83000001	83257441	9
18	1	1000000	38
18	1000001	2000000	11
18	2000001	3000000	19
18	3000001	4000000	28
18	4000001	5000000	5
18	5000001	6000000	22
18	6000001	7000000	21
18	7000001	8000000	8
18	8000001	9000000	16
18	9000001	10000000	32
18	10000001	11000000	18
18	11000001	12000000	26
18	12000001	13000000	42
18	13000001	14000000	28
18	14000001	15000000	40
18	15000001	16000000	9
18	16000001	17000000	0
18	17000001	18000000	0
18	18000001	19000000	0
18	19000001	20000000	0
18	20000001	21000000	0
18	21000001	22000000	28
18	22000001	23000000	19
18	23000001	24000000	17
18	24000001	25000000	27
18	25000001	26000000	8
18	26000001	27000000	23
18	27000001	28000000	10
18	28000001	29000000	5
18	29000001	30000000	4
18	30000001	31000000	5
18	31000001	32000000	30
18	32000001	33000000	24
18	33000001	34000000	3
18	34000001	35000000	9
18	35000001	36000000	28
18	36000001	37000000	11
18	37000001	38000000	10
18	38000001	39000000	1
18	39000001	40000000	11
18	40000001	41000000	3
18	41000001	42000000	3
18	42000001	43000000	5
18	43000001	44000000	3
18	44000001	45000000	10
18	45000001	46000000	14
18	46000001	47000000	20
18	47000001	48000000	24
18	48000001	49000000	16
18	49000001	50000000	30
18	50000001	51000000	22
18	51000001	52000000	11
18	52000001	53000000	4
18	53000001	54000000	5
18	54000001	55000000	18
18	55000001	56000000	11
18	56000001	57000000	11
18	57000001	58000000	19
18	58000001	59000000	28
18	59000001	60000000	21
18	60000001	61000000	18
18	61000001	62000000	10
18	62000001	63000000	16
18	63000001	64000000	20
18	64000001	65000000	6
18	65000001	66000000	7
18	66000001	67000000	3
18	67000001	68000000	14
18	68000001	69000000	14
18	69000001	70000000	10
18	70000001	71000000	10
18	71000001	72000000	11
18	72000001	73000000	7
18	73000001	74000000	5
18	74000001	75000000	15
18	75000001	76000000	15
18	76000001	77000000	29
18	77000001	78000000	15
18	78000001	79000000	9
18	79000001	80000000	25
18	80000001	80373285	10
19	1	1000000	66
19	1000001	2000000	69
19	2000001	3000000	55
19	3000001	4000000	51
19	4000001	5000000	53
19	5000001	6000000	31
19	6000001	7000000	52
19	7000001	8000000	58
19	8000001	9000000	39
19	9000001	10000000	52
19	10000001	11000000	59
19	11000001	12000000	60
19	12000001	13000000	90
19	13000001	14000000	32
19	14000001	15000000	54
19	15000001	16000000	54
19	16000001	17000000	54
19	17000001	18000000	58
19	18000001	19000000	58
19	19000001	20000000	50
19	20000001	21000000	46
19	21000001	22000000	43
19	22000001	23000000	53
19	23000001	24000000	40
19	24000001	25000000	7
19	25000001	26000000	0
19	26000001	27000000	0
19	27000001	28000000	15
19	28000001	29000000	19
19	29000001	30000000	20
19	30000001	31000000	11
19	31000001	32000000	13
19	32000001	33000000	26
19	33000001	34000000	26
19	34000001	35000000	44
19	35000001	36000000	84
19	36000001	37000000	48
19	37000001	38000000	37
19	38000001	39000000	50
19	39000001	40000000	59
19	40000001	41000000	54
19	41000001	42000000	60
19	42000001	43000000	40
19	43000001	44000000	49
19	44000001	45000000	57
19	45000001	46000000	56
19	46000001	47000000	55
19	47000001	48000000	39
19	48000001	49000000	57
19	49000001	50000000	99
19	50000001	51000000	56
19	51000001	52000000	87
19	52000001	53000000	56
19	53000001	54000000	112
19	54000001	55000000	83
19	55000001	56000000	75
19	56000001	57000000	56
19	57000001	58000000	67
19	58000001	58617616	65
20	1	1000000	25
20	1000001	2000000	36
20	2000001	3000000	28
20	3000001	4000000	38
20	4000001	5000000	18
20	5000001	6000000	33
20	6000001	7000000	14
20	7000001	8000000	10
20	8000001	9000000	9
20	9000001	10000000	5
20	10000001	11000000	22
20	11000001	12000000	13
20	12000001	13000000	6
20	13000001	14000000	12
20	14000001	15000000	10
20	15000001	16000000	5
20	16000001	17000000	13
20	17000001	18000000	18
20	18000001	19000000	37
20	19000001	20000000	7
20	20000001	21000000	17
20	21000001	22000000	27
20	22000001	23000000	15
20	23000001	24000000	45
20	24000001	25000000	12
20	25000001	26000000	33
20	26000001	27000000	9
20	27000001	28000000	0
20	28000001	29000000	1
20	29000001	30000000	17
20	30000001	31000000	11
20	31000001	32000000	39
20	32000001	33000000	31
20	33000001	34000000	34
20	34000001	35000000	33
20	35000001	36000000	46
20	36000001	37000000	26
20	37000001	38000000	22
20	38000001	39000000	43
20	39000001	40000000	6
20	40000001	41000000	6
20	41000001	42000000	20
20	42000001	43000000	5
20	43000001	44000000	24
20	44000001	45000000	32
20	45000001	46000000	65
20	46000001	47000000	26
20	47000001	48000000	24
20	48000001	49000000	9
20	49000001	50000000	31
20	50000001	51000000	31
20	51000001	52000000	12
20	52000001	53000000	10
20	53000001	54000000	16
20	54000001	55000000	6
20	55000001	56000000	4
20	56000001	57000000	23
20	57000001	58000000	24
20	58000001	59000000	33
20	59000001	60000000	17
20	60000001	61000000	10
20	61000001	62000000	8
20	62000001	63000000	53
20	63000001	64000000	66
20	64000001	64444167	16
21	1	1000000	0
21	1000001	2000000	0
21	2000001	3000000	0
21	3000001	4000000	0
21	4000001	5000000	0
21	5000001	6000000	15
21	6000001	7000000	30
21	7000001	8000000	18
21	8000001	9000000	30
21	9000001	10000000	18
21	10000001	11000000	15
21	11000001	12000000	0
21	12000001	13000000	0
21	13000001	14000000	36
21	14000001	15000000	23
21	15000001	16000000	12
21	16000001	17000000	15
21	17000001	18000000	19
21	18000001	19000000	11
21	19000001	20000000	10
21	20000001	21000000	9
21	21000001	22000000	7
21	22000001	23000000	9
21	23000001	24000000	12
21	24000001	25000000	6
21	25000001	26000000	24
21	26000001	27000000	13
21	27000001	28000000	9
21	28000001	29000000	11
21	29000001	30000000	21
21	30000001	31000000	48
21	31000001	32000000	14
21	32000001	33000000	31
21	33000001	34000000	30
21	34000001	35000000	19
21	35000001	36000000	7
21	36000001	37000000	38
21	37000001	38000000	14
21	38000001	39000000	20
21	39000001	40000000	31
21	40000001	41000000	6
21	41000001	42000000	24
21	42000001	43000000	29
21	43000001	44000000	29
21	44000001	45000000	67
21	45000001	46000000	25
21	46000001	46709983	28
22	1	1000000	0
22	1000001	2000000	0
22	2000001	3000000	0
22	3000001	4000000	0
22	4000001	5000000	0
22	5000001	6000000	0
22	6000001	7000000	0
22	7000001	8000000	0
22	8000001	9000000	0
22	9000001	10000000	0
22	10000001	11000000	2
22	11000001	12000000	3
22	12000001	13000000	1
22	13000001	14000000	0
22	14000001	15000000	0
22	15000001	16000000	34
22	16000001	17000000	38
22	17000001	18000000	32
22	18000001	19000000	49
22	19000001	20000000	46
22	20000001	21000000	57
22	21000001	22000000	65
22	22000001	23000000	132
22	23000001	24000000	60
22	24000001	25000000	35
22	25000001	26000000	33
22	26000001	27000000	29
22	27000001	28000000	26
22	28000001	29000000	15
22	29000001	30000000	38
22	30000001	31000000	53
22	31000001	32000000	43
22	32000001	33000000	33
22	33000001	34000000	14
22	34000001	35000000	6
22	35000001	36000000	25
22	36000001	37000000	38
22	37000001	38000000	51
22	38000001	39000000	47
22	39000001	40000000	35
22	40000001	41000000	26
22	41000001	42000000	47
22	42000001	43000000	41
22	43000001	44000000	23
22	44000001	45000000	22
22	45000001	46000000	25
22	46000001	47000000	28
22	47000001	48000000	10
22	48000001	49000000	12
22	49000001	50000000	28
22	50000001	50818468	51
X	1	1000000	12
X	1000001	2000000	15
X	2000001	3000000	13
X	3000001	4000000	16
X	4000001	5000000	1
X	5000001	6000000	5
X	6000001	7000000	7
X	7000001	8000000	8
X	8000001	9000000	12
X	9000001	10000000	22
X	10000001	11000000	7
X	11000001	12000000	12
X	12000001	13000000	14
X	13000001	14000000	19
X	14000001	15000000	7
X	15000001	16000000	21
X	16000001	17000000	17
X	17000001	18000000	15
X	18000001	19000000	15
X	19000001	20000000	8
X	20000001	21000000	10
X	21000001	22000000	13
X	22000001	23000000	8
X	23000001	24000000	14
X	24000001	25000000	18
X	25000001	26000000	7
X	26000001	27000000	16
X	27000001	28000000	17
X	28000001	29000000	6
X	29000001	30000000	3
X	30000001	31000000	19
X	31000001	32000000	3
X	32000001	33000000	5
X	33000001	34000000	4
X	34000001	35000000	9
X	35000001	36000000	8
X	36000001	37000000	10
X	37000001	38000000	19
X	38000001	39000000	17
X	39000001	40000000	13
X	40000001	41000000	19
X	41000001	42000000	20
X	42000001	43000000	8
X	43000001	44000000	9
X	44000001	45000000	13
X	45000001	46000000	17
X	46000001	47000000	20
X	47000001	48000000	36
X	48000001	49000000	69
X	49000001	50000000	42
X	50000001	51000000	19
X	51000001	52000000	21
X	52000001	53000000	48
X	53000001	54000000	32
X	54000001	55000000	17
X	55000001	56000000	29
X	56000001	57000000	9
X	57000001	58000000	13
X	58000001	59000000	0
X	59000001	60000000	0
X	60000001	61000000	0
X	61000001	62000000	0
X	62000001	63000000	4
X	63000001	64000000	9
X	64000001	65000000	13
X	65000001	66000000	16
X	66000001	67000000	12
X	67000001	68000000	4
X	68000001	69000000	15
X	69000001	70000000	10
X	70000001	71000000	32
X	71000001	72000000	41
X	72000001	73000000	26
X	73000001	74000000	26
X	74000001	75000000	38
X	75000001	76000000	14
X	76000001	77000000	10
X	77000001	78000000	13
X	78000001	79000000	13
X	79000001	80000000	6
X	80000001	81000000	12
X	81000001	82000000	6
X	82000001	83000000	6
X	83000001	84000000	5
X	84000001	85000000	7
X	85000001	86000000	11
X	86000001	87000000	12
X	87000001	88000000	9
X	88000001	89000000	8
X	89000001	90000000	3
X	90000001	91000000	6
X	91000001	92000000	7
X	92000001	93000000	6
X	93000001	94000000	8
X	94000001	95000000	5
X	95000001	96000000	10
X	96000001	97000000	9
X	97000001	98000000	7
X	98000001	99000000	5
X	99000001	100000000	3
X	100000001	101000000	20
X	101000001	102000000	36
X	102000001	103000000	39
X	103000001	104000000	37
X	104000001	105000000	10
X	105000001	106000000	5
X	106000001	107000000	14
X	107000001	108000000	21
X	108000001	109000000	13
X	109000001	110000000	10
X	110000001	111000000	11
X	111000001	112000000	16
X	112000001	113000000	11
X	113000001	114000000	6
X	114000001	115000000	16
X	115000001	116000000	22
X	116000001	117000000	12
X	117000001	118000000	4
X	118000001	119000000	16
X	119000001	120000000	33
X	120000001	121000000	49
X	121000001	122000000	6
X	122000001	123000000	4
X	123000001	124000000	17
X	124000001	125000000	10
X	125000001	126000000	3
X	126000001	127000000	10
X	127000001	128000000	6
X	128000001	129000000	9
X	129000001	130000000	15
X	130000001	131000000	15
X	131000001	132000000	22
X	132000001	133000000	10
X	133000001	134000000	11
X	134000001	135000000	36
X	135000001	136000000	46
X	136000001	137000000	28
X	137000001	138000000	10
X	138000001	139000000	8
X	139000001	140000000	11
X	140000001	141000000	14
X	141000001	142000000	15
X	142000001	143000000	6
X	143000001	144000000	14
X	144000001	145000000	3
X	145000001	146000000	13
X	146000001	147000000	10
X	147000001	148000000	26
X	148000001	149000000	8
X	149000001	150000000	27
X	150000001	151000000	13
X	151000001	152000000	21
X	152000001	153000000	27
X	153000001	154000000	51
X	154000001	155000000	61
X	155000001	156000000	30
X	156000001	156040895	5
Y	1	1000000	12
Y	1000001	2000000	15
Y	2000001	3000000	17
Y	3000001	4000000	9
Y	4000001	5000000	4
Y	5000001	6000000	8
Y	6000001	7000000	24
Y	7000001	8000000	21
Y	8000001	9000000	20
Y	9000001	10000000	42
Y	10000001	11000000	14
Y	11000001	12000000	23
Y	12000001	13000000	15
Y	13000001	14000000	8
Y	14000001	15000000	9
Y	15000001	16000000	2
Y	16000001	17000000	3
Y	17000001	18000000	30
Y	18000001	19000000	52
Y	19000001	20000000	11
Y	20000001	21000000	11
Y	21000001	22000000	30
Y	22000001	23000000	34
Y	23000001	24000000	37
Y	24000001	25000000	34
Y	25000001	26000000	49
Y	26000001	27000000	17
Y	27000001	28000000	0
Y	28000001	29000000	0
Y	29000001	30000000	0
Y	30000001	31000000	0
Y	31000001	32000000	0
Y	32000001	33000000	0
Y	33000001	34000000	0
Y	34000001	35000000	0
Y	35000001	36000000	0
Y	36000001	37000000	0
Y	37000001	38000000	0
Y	38000001	39000000	0
Y	39000001	40000000	0
Y	40000001	41000000	0
Y	41000001	42000000	0
Y	42000001	43000000	0
Y	43000001	44000000	0
Y	44000001	45000000	0
Y	45000001	46000000	0
Y	46000001	47000000	0
Y	47000001	48000000	0
Y	48000001	49000000	0
Y	49000001	50000000	0
Y	50000001	51000000	0
Y	51000001	52000000	0
Y	52000001	53000000	0
Y	53000001	54000000	0
Y	54000001	55000000	0
Y	55000001	56000000	0
Y	56000001	57000000	2
Y	57000001	57227415	10
