CompoundID	Sample1	Sample2	Sample3	Sample4	Sample5	Sample6
C07647	-1.342926844	-1.242926844	-1.142926844	-1.042926844	-0.942926844	-0.842926844
C01032	2.490314027	2.590314027	2.690314027	2.790314027	2.890314027	2.990314027
C08179	-0.667455702	-0.567455702	-0.467455702	-0.367455702	-0.267455702	-0.167455702
C06093	-0.189620909	-0.089620909	0.010379091	0.110379091	0.210379091	0.310379091
C11342	0.214742696	0.314742696	0.414742696	0.514742696	0.614742696	0.714742696
C07570	-0.882824899	-0.782824899	-0.682824899	-0.582824899	-0.482824899	-0.382824899
C00606	-2.414887709	-2.314887709	-2.214887709	-2.114887709	-2.014887709	-1.914887709
C09719	0.085702883	0.185702883	0.285702883	0.385702883	0.485702883	0.585702883
C14366	0.319215488	0.419215488	0.519215488	0.619215488	0.719215488	0.819215488
C01504	0.332701312	0.432701312	0.532701312	0.632701312	0.732701312	0.832701312
C06963	-0.83944997	-0.73944997	-0.63944997	-0.53944997	-0.43944997	-0.33944997
C04435	-1.355911069	-1.255911069	-1.155911069	-1.055911069	-0.955911069	-0.855911069
C01046	-0.850182802	-0.750182802	-0.650182802	-0.550182802	-0.450182802	-0.350182802
C04812	-0.15948347	-0.05948347	0.04051653	0.14051653	0.24051653	0.34051653
C00209	-1.743247823	-1.643247823	-1.543247823	-1.443247823	-1.343247823	-1.243247823
C00226	-1.493642874	-1.393642874	-1.293642874	-1.193642874	-1.093642874	-0.993642874
C03495	-0.897063418	-0.797063418	-0.697063418	-0.597063418	-0.497063418	-0.397063418
C10017	-0.144186689	-0.044186689	0.055813311	0.155813311	0.255813311	0.355813311
C13194	-1.901016348	-1.801016348	-1.701016348	-1.601016348	-1.501016348	-1.401016348
C11038	1.022510832	1.122510832	1.222510832	1.322510832	1.422510832	1.522510832
C16513	-1.093601779	-0.993601779	-0.893601779	-0.793601779	-0.693601779	-0.593601779
C03820	-1.004697814	-0.904697814	-0.804697814	-0.704697814	-0.604697814	-0.504697814
C13244	-1.024464863	-0.924464863	-0.824464863	-0.724464863	-0.624464863	-0.524464863
C00345	0.225867322	0.325867322	0.425867322	0.525867322	0.625867322	0.725867322
C02916	-0.104429643	-0.004429643	0.095570357	0.195570357	0.295570357	0.395570357
C11538	-0.954518425	-0.854518425	-0.754518425	-0.654518425	-0.554518425	-0.454518425
C11750	-1.568110842	-1.468110842	-1.368110842	-1.268110842	-1.168110842	-1.068110842
C08261	0.91695605	1.01695605	1.11695605	1.21695605	1.31695605	1.41695605
C00273	1.770176922	1.870176922	1.970176922	2.070176922	2.170176922	2.270176922
C14149	0.235866155	0.335866155	0.435866155	0.535866155	0.635866155	0.735866155
C00886	2.3307627	2.4307627	2.5307627	2.6307627	2.7307627	2.8307627
C05184	-0.102943355	-0.002943355	0.097056645	0.197056645	0.297056645	0.397056645
C06195	-1.432354081	-1.332354081	-1.232354081	-1.132354081	-1.032354081	-0.932354081
C02538	1.427784888	1.527784888	1.627784888	1.727784888	1.827784888	1.927784888
C02554	-1.279549213	-1.179549213	-1.079549213	-0.979549213	-0.879549213	-0.779549213
C07834	-2.436605011	-2.336605011	-2.236605011	-2.136605011	-2.036605011	-1.936605011
C01678	-1.265892579	-1.165892579	-1.065892579	-0.965892579	-0.865892579	-0.765892579
C15493	-0.408762542	-0.308762542	-0.208762542	-0.108762542	-0.008762542	0.091237458
C16637	1.227757963	1.327757963	1.427757963	1.527757963	1.627757963	1.727757963
C04606	-0.22221301	-0.12221301	-0.02221301	0.07778699	0.17778699	0.27778699
C00980	-1.365001119	-1.265001119	-1.165001119	-1.065001119	-0.965001119	-0.865001119
C05923	0.758145835	0.858145835	0.958145835	1.058145835	1.158145835	1.258145835
C10923	1.219317169	1.319317169	1.419317169	1.519317169	1.619317169	1.719317169
C00297	-0.144469426	-0.044469426	0.055530574	0.155530574	0.255530574	0.355530574
C01527	-0.313439014	-0.213439014	-0.113439014	-0.013439014	0.086560986	0.186560986
C03972	0.110582627	0.210582627	0.310582627	0.410582627	0.510582627	0.610582627
C00153	2.550170831	2.650170831	2.750170831	2.850170831	2.950170831	3.050170831
C01378	0.669757498	0.769757498	0.869757498	0.969757498	1.069757498	1.169757498
C06018	0.78584308	0.88584308	0.98584308	1.08584308	1.18584308	1.28584308
C06144	-0.176655389	-0.076655389	0.023344611	0.123344611	0.223344611	0.323344611
C03393	-1.802701513	-1.702701513	-1.602701513	-1.502701513	-1.402701513	-1.302701513
C02906	-0.297792891	-0.197792891	-0.097792891	0.002207109	0.102207109	0.202207109
C00186	0.298959588	0.398959588	0.498959588	0.598959588	0.698959588	0.798959588
C00479	-0.757220541	-0.657220541	-0.557220541	-0.457220541	-0.357220541	-0.257220541
C06821	-0.781233934	-0.681233934	-0.581233934	-0.481233934	-0.381233934	-0.281233934
C11868	-0.504000035	-0.404000035	-0.304000035	-0.204000035	-0.104000035	-0.004000035
C14463	-0.362749609	-0.262749609	-0.162749609	-0.062749609	0.037250391	0.137250391
C00295	1.294269285	1.394269285	1.494269285	1.594269285	1.694269285	1.794269285
C05469	0.85892572	0.95892572	1.05892572	1.15892572	1.25892572	1.35892572
C08721	0.144454639	0.244454639	0.344454639	0.444454639	0.544454639	0.644454639
C05183	1.190182694	1.290182694	1.390182694	1.490182694	1.590182694	1.690182694
C03298	0.221637963	0.321637963	0.421637963	0.521637963	0.621637963	0.721637963
C00747	1.02508832	1.12508832	1.22508832	1.32508832	1.42508832	1.52508832
C11514	-1.129783913	-1.029783913	-0.929783913	-0.829783913	-0.729783913	-0.629783913
C00247	-1.132673048	-1.032673048	-0.932673048	-0.832673048	-0.732673048	-0.632673048
C05258	2.154253395	2.254253395	2.354253395	2.454253395	2.554253395	2.654253395
C07573	1.115389227	1.215389227	1.315389227	1.415389227	1.515389227	1.615389227
C16514	-2.034320673	-1.934320673	-1.834320673	-1.734320673	-1.634320673	-1.534320673
C07731	-0.126974683	-0.026974683	0.073025317	0.173025317	0.273025317	0.373025317
C06725	0.493786691	0.593786691	0.693786691	0.793786691	0.893786691	0.993786691
C19706	-0.226764003	-0.126764003	-0.026764003	0.073235997	0.173235997	0.273235997
C16217	0.452012492	0.552012492	0.652012492	0.752012492	0.852012492	0.952012492
C01829	-0.689469107	-0.589469107	-0.489469107	-0.389469107	-0.289469107	-0.189469107
C13890	1.30270223	1.40270223	1.50270223	1.60270223	1.70270223	1.80270223
C03846	0.292844586	0.392844586	0.492844586	0.592844586	0.692844586	0.792844586
C02634	0.299027597	0.399027597	0.499027597	0.599027597	0.699027597	0.799027597
C16171	-1.557037257	-1.457037257	-1.357037257	-1.257037257	-1.157037257	-1.057037257
C12833	0.572921886	0.672921886	0.772921886	0.872921886	0.972921886	1.072921886
C02848	-0.205450475	-0.105450475	-0.005450475	0.094549525	0.194549525	0.294549525
C08404	-0.44761712	-0.34761712	-0.24761712	-0.14761712	-0.04761712	0.05238288
C17883	-0.870098118	-0.770098118	-0.670098118	-0.570098118	-0.470098118	-0.370098118
C01751	-0.547984314	-0.447984314	-0.347984314	-0.247984314	-0.147984314	-0.047984314
C01646	-0.03181207	0.06818793	0.16818793	0.26818793	0.36818793	0.46818793
C02677	0.059654473	0.159654473	0.259654473	0.359654473	0.459654473	0.559654473
C01972	0.204098825	0.304098825	0.404098825	0.504098825	0.604098825	0.704098825
C06071	1.011154087	1.111154087	1.211154087	1.311154087	1.411154087	1.511154087
C15532	0.04987339	0.14987339	0.24987339	0.34987339	0.44987339	0.54987339
C02130	0.2958224	0.3958224	0.4958224	0.5958224	0.6958224	0.7958224
C05318	0.241183734	0.341183734	0.441183734	0.541183734	0.641183734	0.741183734
C02249	0.644640376	0.744640376	0.844640376	0.944640376	1.044640376	1.144640376
C05139	2.940246341	3.040246341	3.140246341	3.240246341	3.340246341	3.440246341
C06824	-1.741244113	-1.641244113	-1.541244113	-1.441244113	-1.341244113	-1.241244113
C09705	-0.356952365	-0.256952365	-0.156952365	-0.056952365	0.043047635	0.143047635
C05441	0.146724638	0.246724638	0.346724638	0.446724638	0.546724638	0.646724638
C00803	-0.488154646	-0.388154646	-0.288154646	-0.188154646	-0.088154646	0.011845354
C02094	-0.32138564	-0.22138564	-0.12138564	-0.02138564	0.07861436	0.17861436
C00713	-2.867426004	-2.767426004	-2.667426004	-2.567426004	-2.467426004	-2.367426004
C06557	-0.225230301	-0.125230301	-0.025230301	0.074769699	0.174769699	0.274769699
C04872	0.281277535	0.381277535	0.481277535	0.581277535	0.681277535	0.781277535
C07096	0.559672124	0.659672124	0.759672124	0.859672124	0.959672124	1.059672124
C10287	-0.008806578	0.091193422	0.191193422	0.291193422	0.391193422	0.491193422
C00748	0.99987485	1.09987485	1.19987485	1.29987485	1.39987485	1.49987485
C04461	0.234128416	0.334128416	0.434128416	0.534128416	0.634128416	0.734128416
C11832	-2.088070293	-1.988070293	-1.888070293	-1.788070293	-1.688070293	-1.588070293
C00362	0.996156016	1.096156016	1.196156016	1.296156016	1.396156016	1.496156016
C08526	0.579622221	0.679622221	0.779622221	0.879622221	0.979622221	1.079622221
C11395	-0.761013222	-0.661013222	-0.561013222	-0.461013222	-0.361013222	-0.261013222
C13377	-0.417928442	-0.317928442	-0.217928442	-0.117928442	-0.017928442	0.082071558
C00138	2.43324219	2.53324219	2.63324219	2.73324219	2.83324219	2.93324219
C01910	-1.8997354	-1.7997354	-1.6997354	-1.5997354	-1.4997354	-1.3997354
C03570	0.8942962	0.9942962	1.0942962	1.1942962	1.2942962	1.3942962
C00369	-0.894337689	-0.794337689	-0.694337689	-0.594337689	-0.494337689	-0.394337689
C01952	1.061901599	1.161901599	1.261901599	1.361901599	1.461901599	1.561901599
C05125	-0.857945698	-0.757945698	-0.657945698	-0.557945698	-0.457945698	-0.357945698
C01705	-0.364173688	-0.264173688	-0.164173688	-0.064173688	0.035826312	0.135826312
C00160	1.495663645	1.595663645	1.695663645	1.795663645	1.895663645	1.995663645
C04286	-0.793175351	-0.693175351	-0.593175351	-0.493175351	-0.393175351	-0.293175351
C04199	0.635259971	0.735259971	0.835259971	0.935259971	1.035259971	1.135259971
C00801	-0.051177077	0.048822923	0.148822923	0.248822923	0.348822923	0.448822923
C09126	-0.612502259	-0.512502259	-0.412502259	-0.312502259	-0.212502259	-0.112502259
C01942	0.106439522	0.206439522	0.306439522	0.406439522	0.506439522	0.606439522
C06174	-0.408676346	-0.308676346	-0.208676346	-0.108676346	-0.008676346	0.091323654
C02183	1.111244161	1.211244161	1.311244161	1.411244161	1.511244161	1.611244161
C04686	0.272183563	0.372183563	0.472183563	0.572183563	0.672183563	0.772183563
C02810	0.13605577	0.23605577	0.33605577	0.43605577	0.53605577	0.63605577
C06852	1.10019135	1.20019135	1.30019135	1.40019135	1.50019135	1.60019135
C10330	-2.475053206	-2.375053206	-2.275053206	-2.175053206	-2.075053206	-1.975053206
C11793	-0.287066972	-0.187066972	-0.087066972	0.012933028	0.112933028	0.212933028
C11158	0.376353039	0.476353039	0.576353039	0.676353039	0.776353039	0.876353039
C00324	-1.044549691	-0.944549691	-0.844549691	-0.744549691	-0.644549691	-0.544549691
C14709	-0.626661779	-0.526661779	-0.426661779	-0.326661779	-0.226661779	-0.126661779
C03881	0.508144678	0.608144678	0.708144678	0.808144678	0.908144678	1.008144678
C05840	-1.357674083	-1.257674083	-1.157674083	-1.057674083	-0.957674083	-0.857674083
C02131	2.18438291	2.28438291	2.38438291	2.48438291	2.58438291	2.68438291
C02533	0.313353265	0.413353265	0.513353265	0.613353265	0.713353265	0.813353265
C04292	1.096436854	1.196436854	1.296436854	1.396436854	1.496436854	1.596436854
C04750	-0.463338236	-0.363338236	-0.263338236	-0.163338236	-0.063338236	0.036661764
C00292	1.702076599	1.802076599	1.902076599	2.002076599	2.102076599	2.202076599
C09675	1.632739635	1.732739635	1.832739635	1.932739635	2.032739635	2.132739635
C14374	0.254082191	0.354082191	0.454082191	0.554082191	0.654082191	0.754082191
C00605	-1.089314996	-0.989314996	-0.889314996	-0.789314996	-0.689314996	-0.589314996
C04448	-1.075054699	-0.975054699	-0.875054699	-0.775054699	-0.675054699	-0.575054699
C07599	-2.557555737	-2.457555737	-2.357555737	-2.257555737	-2.157555737	-2.057555737
C01808	-1.710103854	-1.610103854	-1.510103854	-1.410103854	-1.310103854	-1.210103854
C00108	2.123037518	2.223037518	2.323037518	2.423037518	2.523037518	2.623037518
C02924	-1.595136825	-1.495136825	-1.395136825	-1.295136825	-1.195136825	-1.095136825
C08046	-0.635824438	-0.535824438	-0.435824438	-0.335824438	-0.235824438	-0.135824438
C00978	0.338014924	0.438014924	0.538014924	0.638014924	0.738014924	0.838014924
C04916	-0.246061413	-0.146061413	-0.046061413	0.053938587	0.153938587	0.253938587
C00842	0.754253484	0.854253484	0.954253484	1.054253484	1.154253484	1.254253484
C05498	-3.170093044	-3.070093044	-2.970093044	-2.870093044	-2.770093044	-2.670093044
C12394	-0.500963177	-0.400963177	-0.300963177	-0.200963177	-0.100963177	-0.000963177
C12145	-0.343879486	-0.243879486	-0.143879486	-0.043879486	0.056120514	0.156120514
C07441	0.576418788	0.676418788	0.776418788	0.876418788	0.976418788	1.076418788
C09625	0.971697352	1.071697352	1.171697352	1.271697352	1.371697352	1.471697352
C06340	-0.040800855	0.059199145	0.159199145	0.259199145	0.359199145	0.459199145
C00815	1.005036849	1.105036849	1.205036849	1.305036849	1.405036849	1.505036849
C01142	0.077775231	0.177775231	0.277775231	0.377775231	0.477775231	0.577775231
C06768	-0.836875154	-0.736875154	-0.636875154	-0.536875154	-0.436875154	-0.336875154
C03521	-0.01872474	0.08127526	0.18127526	0.28127526	0.38127526	0.48127526
C01905	0.601505554	0.701505554	0.801505554	0.901505554	1.001505554	1.101505554
C04844	0.177051965	0.277051965	0.377051965	0.477051965	0.577051965	0.677051965
C02488	0.383704383	0.483704383	0.583704383	0.683704383	0.783704383	0.883704383
C05668	-0.191719946	-0.091719946	0.008280054	0.108280054	0.208280054	0.308280054
C15926	0.572286955	0.672286955	0.772286955	0.872286955	0.972286955	1.072286955
C11635	0.538144434	0.638144434	0.738144434	0.838144434	0.938144434	1.038144434
C05944	-0.116787573	-0.016787573	0.083212427	0.183212427	0.283212427	0.383212427
C11150	-1.092298041	-0.992298041	-0.892298041	-0.792298041	-0.692298041	-0.592298041
C04083	0.194511547	0.294511547	0.394511547	0.494511547	0.594511547	0.694511547
C17934	-1.029075994	-0.929075994	-0.829075994	-0.729075994	-0.629075994	-0.529075994
C11134	-0.278431485	-0.178431485	-0.078431485	0.021568515	0.121568515	0.221568515
C00188	-2.864377401	-2.764377401	-2.664377401	-2.564377401	-2.464377401	-2.364377401
C01138	-0.6984593	-0.5984593	-0.4984593	-0.3984593	-0.2984593	-0.1984593
C13410	-0.669015929	-0.569015929	-0.469015929	-0.369015929	-0.269015929	-0.169015929
C06542	1.269075091	1.369075091	1.469075091	1.569075091	1.669075091	1.769075091
C02201	-0.484995726	-0.384995726	-0.284995726	-0.184995726	-0.084995726	0.015004274
C06318	0.956479402	1.056479402	1.156479402	1.256479402	1.356479402	1.456479402
C10390	2.548540086	2.648540086	2.748540086	2.848540086	2.948540086	3.048540086
C04630	0.665082632	0.765082632	0.865082632	0.965082632	1.065082632	1.165082632
C01948	-1.68135677	-1.58135677	-1.48135677	-1.38135677	-1.28135677	-1.18135677
C01508	-0.642462033	-0.542462033	-0.442462033	-0.342462033	-0.242462033	-0.142462033
C12632	-0.860218966	-0.760218966	-0.660218966	-0.560218966	-0.460218966	-0.360218966
C01456	1.711258125	1.811258125	1.911258125	2.011258125	2.111258125	2.211258125
C00904	-0.079439715	0.020560285	0.120560285	0.220560285	0.320560285	0.420560285
C12424	-1.035789323	-0.935789323	-0.835789323	-0.735789323	-0.635789323	-0.535789323
C07639	0.365281786	0.465281786	0.565281786	0.665281786	0.765281786	0.865281786
C04002	1.76542837	1.86542837	1.96542837	2.06542837	2.16542837	2.26542837
C01411	1.872577887	1.972577887	2.072577887	2.172577887	2.272577887	2.372577887
C00144	-1.230736896	-1.130736896	-1.030736896	-0.930736896	-0.830736896	-0.730736896
C13690	1.571153296	1.671153296	1.771153296	1.871153296	1.971153296	2.071153296
C14447	0.282351559	0.382351559	0.482351559	0.582351559	0.682351559	0.782351559
C06800	-0.244064019	-0.144064019	-0.044064019	0.055935981	0.155935981	0.255935981
C02028	2.395921187	2.495921187	2.595921187	2.695921187	2.795921187	2.895921187
C03408	0.376754734	0.476754734	0.576754734	0.676754734	0.776754734	0.876754734
C04349	1.521763812	1.621763812	1.721763812	1.821763812	1.921763812	2.021763812
C10826	-0.907007084	-0.807007084	-0.707007084	-0.607007084	-0.507007084	-0.407007084
C02752	-1.042941132	-0.942941132	-0.842941132	-0.742941132	-0.642941132	-0.542941132
C00787	-1.418761761	-1.318761761	-1.218761761	-1.118761761	-1.018761761	-0.918761761
C06354	-0.606577295	-0.506577295	-0.406577295	-0.306577295	-0.206577295	-0.106577295
C02236	1.327968999	1.427968999	1.527968999	1.627968999	1.727968999	1.827968999
C00565	1.004760935	1.104760935	1.204760935	1.304760935	1.404760935	1.504760935
C05513	-0.62909684	-0.52909684	-0.42909684	-0.32909684	-0.22909684	-0.12909684
C04037	0.038705212	0.138705212	0.238705212	0.338705212	0.438705212	0.538705212
C02153	2.081087986	2.181087986	2.281087986	2.381087986	2.481087986	2.581087986
C02247	0.973446878	1.073446878	1.173446878	1.273446878	1.373446878	1.473446878
C10043	-1.593239763	-1.493239763	-1.393239763	-1.293239763	-1.193239763	-1.093239763
C06306	0.22318804	0.32318804	0.42318804	0.52318804	0.62318804	0.72318804
C01804	-0.422228331	-0.322228331	-0.222228331	-0.122228331	-0.022228331	0.077771669
C02657	-0.396802993	-0.296802993	-0.196802993	-0.096802993	0.003197007	0.103197007
C09821	-2.4213881	-2.3213881	-2.2213881	-2.1213881	-2.0213881	-1.9213881
C08858	0.063804614	0.163804614	0.263804614	0.363804614	0.463804614	0.563804614
C06368	-0.80132033	-0.70132033	-0.60132033	-0.50132033	-0.40132033	-0.30132033
C04399	2.094827973	2.194827973	2.294827973	2.394827973	2.494827973	2.594827973
C06984	0.223002672	0.323002672	0.423002672	0.523002672	0.623002672	0.723002672
C08518	-0.156941345	-0.056941345	0.043058655	0.143058655	0.243058655	0.343058655
C03629	-0.373548774	-0.273548774	-0.173548774	-0.073548774	0.026451226	0.126451226
C01885	-0.577677509	-0.477677509	-0.377677509	-0.277677509	-0.177677509	-0.077677509
C06026	-0.008384376	0.091615624	0.191615624	0.291615624	0.391615624	0.491615624
C11527	0.61639402	0.71639402	0.81639402	0.91639402	1.01639402	1.11639402
C06537	-0.15734659	-0.05734659	0.04265341	0.14265341	0.24265341	0.34265341
C08135	-0.02454093	0.07545907	0.17545907	0.27545907	0.37545907	0.47545907
C00708	-0.377763507	-0.277763507	-0.177763507	-0.077763507	0.022236493	0.122236493
C08383	0.349634079	0.449634079	0.549634079	0.649634079	0.749634079	0.849634079
C00136	-0.473614769	-0.373614769	-0.273614769	-0.173614769	-0.073614769	0.026385231
C16159	-0.208168192	-0.108168192	-0.008168192	0.091831808	0.191831808	0.291831808
C04064	0.347143691	0.447143691	0.547143691	0.647143691	0.747143691	0.847143691
C00879	-0.794612863	-0.694612863	-0.594612863	-0.494612863	-0.394612863	-0.294612863
C05895	0.06319784	0.16319784	0.26319784	0.36319784	0.46319784	0.56319784
C01926	0.450547306	0.550547306	0.650547306	0.750547306	0.850547306	0.950547306
C18626	0.634659442	0.734659442	0.834659442	0.934659442	1.034659442	1.134659442
C04527	-0.764852024	-0.664852024	-0.564852024	-0.464852024	-0.364852024	-0.264852024
C04919	0.170170271	0.270170271	0.370170271	0.470170271	0.570170271	0.670170271
C00139	-0.425244883	-0.325244883	-0.225244883	-0.125244883	-0.025244883	0.074755117
C07127	-0.291616545	-0.191616545	-0.091616545	0.008383455	0.108383455	0.208383455
C06660	-1.008953169	-0.908953169	-0.808953169	-0.708953169	-0.608953169	-0.508953169
C04740	0.666790922	0.766790922	0.866790922	0.966790922	1.066790922	1.166790922
C06708	-1.18172951	-1.08172951	-0.98172951	-0.88172951	-0.78172951	-0.68172951
C00885	-1.196317925	-1.096317925	-0.996317925	-0.896317925	-0.796317925	-0.696317925
C00197	-1.560808153	-1.460808153	-1.360808153	-1.260808153	-1.160808153	-1.060808153
C09248	-0.878807588	-0.778807588	-0.678807588	-0.578807588	-0.478807588	-0.378807588
C08278	-0.183807572	-0.083807572	0.016192428	0.116192428	0.216192428	0.316192428
C01088	0.089910259	0.189910259	0.289910259	0.389910259	0.489910259	0.589910259
C11536	-1.170763218	-1.070763218	-0.970763218	-0.870763218	-0.770763218	-0.670763218
C02077	0.514015035	0.614015035	0.714015035	0.814015035	0.914015035	1.014015035
C05932	0.09339674	0.19339674	0.29339674	0.39339674	0.49339674	0.59339674
C03884	-0.488030341	-0.388030341	-0.288030341	-0.188030341	-0.088030341	0.011969659
C00140	0.126840358	0.226840358	0.326840358	0.426840358	0.526840358	0.626840358
C03502	1.342601095	1.442601095	1.542601095	1.642601095	1.742601095	1.842601095
C12624	0.463322784	0.563322784	0.663322784	0.763322784	0.863322784	0.963322784
C07323	0.845382272	0.945382272	1.045382272	1.145382272	1.245382272	1.345382272
C04596	-0.97712605	-0.87712605	-0.77712605	-0.67712605	-0.57712605	-0.47712605
C02771	-0.132664221	-0.032664221	0.067335779	0.167335779	0.267335779	0.367335779
C08794	-0.970767474	-0.870767474	-0.770767474	-0.670767474	-0.570767474	-0.470767474
C11520	1.031627952	1.131627952	1.231627952	1.331627952	1.431627952	1.531627952
C00536	1.031243434	1.131243434	1.231243434	1.331243434	1.431243434	1.531243434
C04073	-0.47361772	-0.37361772	-0.27361772	-0.17361772	-0.07361772	0.02638228
C06850	-1.804490907	-1.704490907	-1.604490907	-1.504490907	-1.404490907	-1.304490907
C01706	-0.128236177	-0.028236177	0.071763823	0.171763823	0.271763823	0.371763823
C05627	0.133205537	0.233205537	0.333205537	0.433205537	0.533205537	0.633205537
C13719	2.18298156	2.28298156	2.38298156	2.48298156	2.58298156	2.68298156
C06307	1.568967246	1.668967246	1.768967246	1.868967246	1.968967246	2.068967246
C12367	0.921708911	1.021708911	1.121708911	1.221708911	1.321708911	1.421708911
C04042	-0.166891222	-0.066891222	0.033108778	0.133108778	0.233108778	0.333108778
C04858	0.725164839	0.825164839	0.925164839	1.025164839	1.125164839	1.225164839
C14387	0.600351389	0.700351389	0.800351389	0.900351389	1.000351389	1.100351389
C11612	-2.069175938	-1.969175938	-1.869175938	-1.769175938	-1.669175938	-1.569175938
C07221	-0.943866188	-0.843866188	-0.743866188	-0.643866188	-0.543866188	-0.443866188
C03064	-0.497905836	-0.397905836	-0.297905836	-0.197905836	-0.097905836	0.002094164
C11400	1.006105391	1.106105391	1.206105391	1.306105391	1.406105391	1.506105391
C02988	-1.883682706	-1.783682706	-1.683682706	-1.583682706	-1.483682706	-1.383682706
C06763	-0.417583456	-0.317583456	-0.217583456	-0.117583456	-0.017583456	0.082416544
C12838	-1.085258449	-0.985258449	-0.885258449	-0.785258449	-0.685258449	-0.585258449
C00799	-0.207953079	-0.107953079	-0.007953079	0.092046921	0.192046921	0.292046921
C06971	1.828104231	1.928104231	2.028104231	2.128104231	2.228104231	2.328104231
C01667	-1.201514395	-1.101514395	-1.001514395	-0.901514395	-0.801514395	-0.701514395
C08065	0.50794571	0.60794571	0.70794571	0.80794571	0.90794571	1.00794571
C04826	2.485626341	2.585626341	2.685626341	2.785626341	2.885626341	2.985626341
C00518	-0.1952164	-0.0952164	0.0047836	0.1047836	0.2047836	0.3047836
C00089	-1.164639396	-1.064639396	-0.964639396	-0.864639396	-0.764639396	-0.664639396
C01836	0.13163788	0.23163788	0.33163788	0.43163788	0.53163788	0.63163788
C00628	-1.304529692	-1.204529692	-1.104529692	-1.004529692	-0.904529692	-0.804529692
C13808	0.704110612	0.804110612	0.904110612	1.004110612	1.104110612	1.204110612
C00596	1.205205454	1.305205454	1.405205454	1.505205454	1.605205454	1.705205454
C16838	-1.087289343	-0.987289343	-0.887289343	-0.787289343	-0.687289343	-0.587289343
C00004	-0.527050361	-0.427050361	-0.327050361	-0.227050361	-0.127050361	-0.027050361
C06311	0.429200529	0.529200529	0.629200529	0.729200529	0.829200529	0.929200529
C05662	0.991537365	1.091537365	1.191537365	1.291537365	1.391537365	1.491537365
C08335	-0.963853137	-0.863853137	-0.763853137	-0.663853137	-0.563853137	-0.463853137
C06060	-1.548425842	-1.448425842	-1.348425842	-1.248425842	-1.148425842	-1.048425842
C01864	0.115632872	0.215632872	0.315632872	0.415632872	0.515632872	0.615632872
C09327	-0.090083271	0.009916729	0.109916729	0.209916729	0.309916729	0.409916729
C02911	0.540314909	0.640314909	0.740314909	0.840314909	0.940314909	1.040314909
C00846	-0.175475965	-0.075475965	0.024524035	0.124524035	0.224524035	0.324524035
C00213	1.230637345	1.330637345	1.430637345	1.530637345	1.630637345	1.730637345
C05273	0.289091288	0.389091288	0.489091288	0.589091288	0.689091288	0.789091288
C00899	0.263739838	0.363739838	0.463739838	0.563739838	0.663739838	0.763739838
C06486	-0.363656447	-0.263656447	-0.163656447	-0.063656447	0.036343553	0.136343553
C05116	-0.574670949	-0.474670949	-0.374670949	-0.274670949	-0.174670949	-0.074670949
C05602	0.917250634	1.017250634	1.117250634	1.217250634	1.317250634	1.417250634
C11004	-1.008944757	-0.908944757	-0.808944757	-0.708944757	-0.608944757	-0.508944757
C15676	2.035586169	2.135586169	2.235586169	2.335586169	2.435586169	2.535586169
C10906	0.836458805	0.936458805	1.036458805	1.136458805	1.236458805	1.336458805
C04232	-0.954576922	-0.854576922	-0.754576922	-0.654576922	-0.554576922	-0.454576922
C00315	-0.249179976	-0.149179976	-0.049179976	0.050820024	0.150820024	0.250820024
C06888	0.788163039	0.888163039	0.988163039	1.088163039	1.188163039	1.288163039
C13834	0.690817627	0.790817627	0.890817627	0.990817627	1.090817627	1.190817627
C04773	0.520781408	0.620781408	0.720781408	0.820781408	0.920781408	1.020781408
C12486	0.467551947	0.567551947	0.667551947	0.767551947	0.867551947	0.967551947
C11261	0.894781461	0.994781461	1.094781461	1.194781461	1.294781461	1.394781461
C00541	-0.661850445	-0.561850445	-0.461850445	-0.361850445	-0.261850445	-0.161850445
C08309	0.058193903	0.158193903	0.258193903	0.358193903	0.458193903	0.558193903
C00332	-1.915401381	-1.815401381	-1.715401381	-1.615401381	-1.515401381	-1.415401381
C05568	-1.061106069	-0.961106069	-0.861106069	-0.761106069	-0.661106069	-0.561106069
C06152	-0.333859122	-0.233859122	-0.133859122	-0.033859122	0.066140878	0.166140878
C03466	-0.542371626	-0.442371626	-0.342371626	-0.242371626	-0.142371626	-0.042371626
C14807	-1.075829827	-0.975829827	-0.875829827	-0.775829827	-0.675829827	-0.575829827
C05348	1.296205705	1.396205705	1.496205705	1.596205705	1.696205705	1.796205705
C10921	-0.532677854	-0.432677854	-0.332677854	-0.232677854	-0.132677854	-0.032677854
C00714	0.911556807	1.011556807	1.111556807	1.211556807	1.311556807	1.411556807
C06321	1.081221883	1.181221883	1.281221883	1.381221883	1.481221883	1.581221883
C02983	-0.611780408	-0.511780408	-0.411780408	-0.311780408	-0.211780408	-0.111780408
C11993	0.652545146	0.752545146	0.852545146	0.952545146	1.052545146	1.152545146
C11898	-0.749805416	-0.649805416	-0.549805416	-0.449805416	-0.349805416	-0.249805416
C13425	-0.674127409	-0.574127409	-0.474127409	-0.374127409	-0.274127409	-0.174127409
C09382	-1.368158041	-1.268158041	-1.168158041	-1.068158041	-0.968158041	-0.868158041
C11054	-1.319376826	-1.219376826	-1.119376826	-1.019376826	-0.919376826	-0.819376826
C06598	0.74742902	0.84742902	0.94742902	1.04742902	1.14742902	1.24742902
C09880	-0.690286134	-0.590286134	-0.490286134	-0.390286134	-0.290286134	-0.190286134
C04144	-0.929652687	-0.829652687	-0.729652687	-0.629652687	-0.529652687	-0.429652687
C04943	0.66037939	0.76037939	0.86037939	0.96037939	1.06037939	1.16037939
C03240	1.10316503	1.20316503	1.30316503	1.40316503	1.50316503	1.60316503
C01902	0.999638938	1.099638938	1.199638938	1.299638938	1.399638938	1.499638938
C13814	-0.562484558	-0.462484558	-0.362484558	-0.262484558	-0.162484558	-0.062484558
C08416	0.90331315	1.00331315	1.10331315	1.20331315	1.30331315	1.40331315
C04742	-0.885751469	-0.785751469	-0.685751469	-0.585751469	-0.485751469	-0.385751469
C16261	1.109018804	1.209018804	1.309018804	1.409018804	1.509018804	1.609018804
C00746	0.404886619	0.504886619	0.604886619	0.704886619	0.804886619	0.904886619
C12305	-0.087368186	0.012631814	0.112631814	0.212631814	0.312631814	0.412631814
C02229	-0.429671715	-0.329671715	-0.229671715	-0.129671715	-0.029671715	0.070328285
C04025	1.152443356	1.252443356	1.352443356	1.452443356	1.552443356	1.652443356
C06476	-0.778637752	-0.678637752	-0.578637752	-0.478637752	-0.378637752	-0.278637752
C08142	-1.473121459	-1.373121459	-1.273121459	-1.173121459	-1.073121459	-0.973121459
C01728	2.090585278	2.190585278	2.290585278	2.390585278	2.490585278	2.590585278
C07666	-0.135414953	-0.035414953	0.064585047	0.164585047	0.264585047	0.364585047
C00288	-0.796183884	-0.696183884	-0.596183884	-0.496183884	-0.396183884	-0.296183884
C01662	-1.065961952	-0.965961952	-0.865961952	-0.765961952	-0.665961952	-0.565961952
C05317	-0.653785991	-0.553785991	-0.453785991	-0.353785991	-0.253785991	-0.153785991
C14767	0.251477543	0.351477543	0.451477543	0.551477543	0.651477543	0.751477543
C16190	-0.452633714	-0.352633714	-0.252633714	-0.152633714	-0.052633714	0.047366286
C07649	-1.579587698	-1.479587698	-1.379587698	-1.279587698	-1.179587698	-1.079587698
C09882	-0.194349391	-0.094349391	0.005650609	0.105650609	0.205650609	0.305650609
C00946	2.023809079	2.123809079	2.223809079	2.323809079	2.423809079	2.523809079
C07492	0.952199906	1.052199906	1.152199906	1.252199906	1.352199906	1.452199906
C01372	-0.188943976	-0.088943976	0.011056024	0.111056024	0.211056024	0.311056024
C02823	0.871462286	0.971462286	1.071462286	1.171462286	1.271462286	1.371462286
C12448	-0.868036297	-0.768036297	-0.668036297	-0.568036297	-0.468036297	-0.368036297
C10165	1.109766585	1.209766585	1.309766585	1.409766585	1.509766585	1.609766585
C00437	0.173918875	0.273918875	0.373918875	0.473918875	0.573918875	0.673918875
C00695	0.982027761	1.082027761	1.182027761	1.282027761	1.382027761	1.482027761
C14520	0.344117864	0.444117864	0.544117864	0.644117864	0.744117864	0.844117864
C11529	-0.141627642	-0.041627642	0.058372358	0.158372358	0.258372358	0.358372358
C12557	0.285515603	0.385515603	0.485515603	0.585515603	0.685515603	0.785515603
C03851	-0.615332027	-0.515332027	-0.415332027	-0.315332027	-0.215332027	-0.115332027
C04756	-0.638145323	-0.538145323	-0.438145323	-0.338145323	-0.238145323	-0.138145323
C06085	0.330097051	0.430097051	0.530097051	0.630097051	0.730097051	0.830097051
C06584	1.632940096	1.732940096	1.832940096	1.932940096	2.032940096	2.132940096
C07315	0.523842446	0.623842446	0.723842446	0.823842446	0.923842446	1.023842446
C01021	0.228227641	0.328227641	0.428227641	0.528227641	0.628227641	0.728227641
C02357	-1.112999835	-1.012999835	-0.912999835	-0.812999835	-0.712999835	-0.612999835
C02255	0.52308067	0.62308067	0.72308067	0.82308067	0.92308067	1.02308067
C00850	0.950382542	1.050382542	1.150382542	1.250382542	1.350382542	1.450382542
C07019	0.230645494	0.330645494	0.430645494	0.530645494	0.630645494	0.730645494
C07398	-0.574095512	-0.474095512	-0.374095512	-0.274095512	-0.174095512	-0.074095512
C05140	-1.571248426	-1.471248426	-1.371248426	-1.271248426	-1.171248426	-1.071248426
C10395	1.203875556	1.303875556	1.403875556	1.503875556	1.603875556	1.703875556
C08819	0.638403882	0.738403882	0.838403882	0.938403882	1.038403882	1.138403882
C07269	-1.092148336	-0.992148336	-0.892148336	-0.792148336	-0.692148336	-0.592148336
C05806	-0.589373878	-0.489373878	-0.389373878	-0.289373878	-0.189373878	-0.089373878
C10982	-1.489425998	-1.389425998	-1.289425998	-1.189425998	-1.089425998	-0.989425998
C02994	-1.586703644	-1.486703644	-1.386703644	-1.286703644	-1.186703644	-1.086703644
C09839	-0.204443394	-0.104443394	-0.004443394	0.095556606	0.195556606	0.295556606
C04796	-0.165485132	-0.065485132	0.034514868	0.134514868	0.234514868	0.334514868
C14397	0.011213624	0.111213624	0.211213624	0.311213624	0.411213624	0.511213624
C14778	1.51059898	1.61059898	1.71059898	1.81059898	1.91059898	2.01059898
C05204	0.259090942	0.359090942	0.459090942	0.559090942	0.659090942	0.759090942
C02811	0.437390297	0.537390297	0.637390297	0.737390297	0.837390297	0.937390297
C04446	0.79031855	0.89031855	0.99031855	1.09031855	1.19031855	1.29031855
C00043	-1.108615754	-1.008615754	-0.908615754	-0.808615754	-0.708615754	-0.608615754
C05502	0.053234907	0.153234907	0.253234907	0.353234907	0.453234907	0.553234907
C02970	-1.182743681	-1.082743681	-0.982743681	-0.882743681	-0.782743681	-0.682743681
C00049	1.214472954	1.314472954	1.414472954	1.514472954	1.614472954	1.714472954
C06503	0.557763351	0.657763351	0.757763351	0.857763351	0.957763351	1.057763351
C04729	-0.208056413	-0.108056413	-0.008056413	0.091943587	0.191943587	0.291943587
C11751	0.543632146	0.643632146	0.743632146	0.843632146	0.943632146	1.043632146
C11062	-0.884291307	-0.784291307	-0.684291307	-0.584291307	-0.484291307	-0.384291307
C04425	0.251879278	0.351879278	0.451879278	0.551879278	0.651879278	0.751879278
C07287	0.601669957	0.701669957	0.801669957	0.901669957	1.001669957	1.101669957
C00438	-2.464236726	-2.364236726	-2.264236726	-2.164236726	-2.064236726	-1.964236726
C02059	-1.413325803	-1.313325803	-1.213325803	-1.113325803	-1.013325803	-0.913325803
C14821	0.639473726	0.739473726	0.839473726	0.939473726	1.039473726	1.139473726
C01849	-0.122062177	-0.022062177	0.077937823	0.177937823	0.277937823	0.377937823
C06031	-0.3171303	-0.2171303	-0.1171303	-0.0171303	0.0828697	0.1828697
C01242	-1.448980158	-1.348980158	-1.248980158	-1.148980158	-1.048980158	-0.948980158
C04084	-1.515470138	-1.415470138	-1.315470138	-1.215470138	-1.115470138	-1.015470138
C04351	-0.285394592	-0.185394592	-0.085394592	0.014605408	0.114605408	0.214605408
C01279	-1.045842295	-0.945842295	-0.845842295	-0.745842295	-0.645842295	-0.545842295
C14415	0.115960358	0.215960358	0.315960358	0.415960358	0.515960358	0.615960358
C14425	-0.259454309	-0.159454309	-0.059454309	0.040545691	0.140545691	0.240545691
C12012	-0.882597296	-0.782597296	-0.682597296	-0.582597296	-0.482597296	-0.382597296
C08734	0.090457018	0.190457018	0.290457018	0.390457018	0.490457018	0.590457018
C06747	-0.122764913	-0.022764913	0.077235087	0.177235087	0.277235087	0.377235087
C01468	-0.658964819	-0.558964819	-0.458964819	-0.358964819	-0.258964819	-0.158964819
C01921	0.941542518	1.041542518	1.141542518	1.241542518	1.341542518	1.441542518
C00441	-0.773015151	-0.673015151	-0.573015151	-0.473015151	-0.373015151	-0.273015151
C11901	-0.289261802	-0.189261802	-0.089261802	0.010738198	0.110738198	0.210738198
C14355	0.162049785	0.262049785	0.362049785	0.462049785	0.562049785	0.662049785
C11596	0.161073302	0.261073302	0.361073302	0.461073302	0.561073302	0.661073302
C08433	-1.347315301	-1.247315301	-1.147315301	-1.047315301	-0.947315301	-0.847315301
C02324	0.517735352	0.617735352	0.717735352	0.817735352	0.917735352	1.017735352
C06860	1.218433913	1.318433913	1.418433913	1.518433913	1.618433913	1.718433913
C00941	0.037679458	0.137679458	0.237679458	0.337679458	0.437679458	0.537679458
C01969	-0.143050717	-0.043050717	0.056949283	0.156949283	0.256949283	0.356949283
C02206	-0.401159378	-0.301159378	-0.201159378	-0.101159378	-0.001159378	0.098840622
C11059	-1.0019254	-0.9019254	-0.8019254	-0.7019254	-0.6019254	-0.5019254
C04069	1.08752065	1.18752065	1.28752065	1.38752065	1.48752065	1.58752065
C05790	1.101256217	1.201256217	1.301256217	1.401256217	1.501256217	1.601256217
C05067	0.815518767	0.915518767	1.015518767	1.115518767	1.215518767	1.315518767
C07527	-0.860745915	-0.760745915	-0.660745915	-0.560745915	-0.460745915	-0.360745915
C11262	-0.592690453	-0.492690453	-0.392690453	-0.292690453	-0.192690453	-0.092690453
C08130	0.340772349	0.440772349	0.540772349	0.640772349	0.740772349	0.840772349
C09890	-1.10610137	-1.00610137	-0.90610137	-0.80610137	-0.70610137	-0.60610137
C06610	0.457389667	0.557389667	0.657389667	0.757389667	0.857389667	0.957389667
C04170	1.472096577	1.572096577	1.672096577	1.772096577	1.872096577	1.972096577
C02354	0.981814142	1.081814142	1.181814142	1.281814142	1.381814142	1.481814142
C03915	0.085383134	0.185383134	0.285383134	0.385383134	0.485383134	0.585383134
C05817	1.6417337	1.7417337	1.8417337	1.9417337	2.0417337	2.1417337
C01771	-1.696502073	-1.596502073	-1.496502073	-1.396502073	-1.296502073	-1.196502073
C01283	0.230583643	0.330583643	0.430583643	0.530583643	0.630583643	0.730583643
C05838	-0.16023235	-0.06023235	0.03976765	0.13976765	0.23976765	0.33976765
C07756	1.030944807	1.130944807	1.230944807	1.330944807	1.430944807	1.530944807
C05448	-0.216699188	-0.116699188	-0.016699188	0.083300812	0.183300812	0.283300812
C02227	1.003649465	1.103649465	1.203649465	1.303649465	1.403649465	1.503649465
C10928	0.018144482	0.118144482	0.218144482	0.318144482	0.418144482	0.518144482
C08385	-0.334031828	-0.234031828	-0.134031828	-0.034031828	0.065968172	0.165968172
C00631	-0.028792407	0.071207593	0.171207593	0.271207593	0.371207593	0.471207593
C04494	-0.616136172	-0.516136172	-0.416136172	-0.316136172	-0.216136172	-0.116136172
C02139	0.402409844	0.502409844	0.602409844	0.702409844	0.802409844	0.902409844
C02899	0.653877579	0.753877579	0.853877579	0.953877579	1.053877579	1.153877579
C01394	-1.200723267	-1.100723267	-1.000723267	-0.900723267	-0.800723267	-0.700723267
C01198	-0.574061419	-0.474061419	-0.374061419	-0.274061419	-0.174061419	-0.074061419
C00146	0.331200487	0.431200487	0.531200487	0.631200487	0.731200487	0.831200487
C04582	-0.453204426	-0.353204426	-0.253204426	-0.153204426	-0.053204426	0.046795574
C11862	-0.630146873	-0.530146873	-0.430146873	-0.330146873	-0.230146873	-0.130146873
C11401	0.077084764	0.177084764	0.277084764	0.377084764	0.477084764	0.577084764
C02952	1.501282166	1.601282166	1.701282166	1.801282166	1.901282166	2.001282166
C12398	-1.836765328	-1.736765328	-1.636765328	-1.536765328	-1.436765328	-1.336765328
C02177	-0.24281362	-0.14281362	-0.04281362	0.05718638	0.15718638	0.25718638
C03985	-0.919326419	-0.819326419	-0.719326419	-0.619326419	-0.519326419	-0.419326419
C15589	0.721299091	0.821299091	0.921299091	1.021299091	1.121299091	1.221299091
C12724	-1.214310332	-1.114310332	-1.014310332	-0.914310332	-0.814310332	-0.714310332
C07005	0.825855991	0.925855991	1.025855991	1.125855991	1.225855991	1.325855991
C03212	-1.213089992	-1.113089992	-1.013089992	-0.913089992	-0.813089992	-0.713089992
C03494	-0.133012904	-0.033012904	0.066987096	0.166987096	0.266987096	0.366987096
C12128	-0.086100685	0.013899315	0.113899315	0.213899315	0.313899315	0.413899315
C02576	0.895743634	0.995743634	1.095743634	1.195743634	1.295743634	1.395743634
C07434	-0.312798272	-0.212798272	-0.112798272	-0.012798272	0.087201728	0.187201728
C02534	1.858473676	1.958473676	2.058473676	2.158473676	2.258473676	2.358473676
C11389	-0.043526785	0.056473215	0.156473215	0.256473215	0.356473215	0.456473215
C05913	-1.704460956	-1.604460956	-1.504460956	-1.404460956	-1.304460956	-1.204460956
C03645	-0.263067401	-0.163067401	-0.063067401	0.036932599	0.136932599	0.236932599
C08201	1.008608938	1.108608938	1.208608938	1.308608938	1.408608938	1.508608938
C04165	-0.402591326	-0.302591326	-0.202591326	-0.102591326	-0.002591326	0.097408674
C13623	1.607179652	1.707179652	1.807179652	1.907179652	2.007179652	2.107179652
C06638	-1.544506439	-1.444506439	-1.344506439	-1.244506439	-1.144506439	-1.044506439
C09871	-1.169043337	-1.069043337	-0.969043337	-0.869043337	-0.769043337	-0.669043337
C07758	-0.987196397	-0.887196397	-0.787196397	-0.687196397	-0.587196397	-0.487196397
C05296	1.649888522	1.749888522	1.849888522	1.949888522	2.049888522	2.149888522
C11421	0.003228774	0.103228774	0.203228774	0.303228774	0.403228774	0.503228774
C09290	-0.068101288	0.031898712	0.131898712	0.231898712	0.331898712	0.431898712
C00182	0.670457664	0.770457664	0.870457664	0.970457664	1.070457664	1.170457664
C01712	1.049923349	1.149923349	1.249923349	1.349923349	1.449923349	1.549923349
C03736	2.119638595	2.219638595	2.319638595	2.419638595	2.519638595	2.619638595
C17500	0.41202195	0.51202195	0.61202195	0.71202195	0.81202195	0.91202195
C07417	-0.096946752	0.003053248	0.103053248	0.203053248	0.303053248	0.403053248
C10303	-2.078115686	-1.978115686	-1.878115686	-1.778115686	-1.678115686	-1.578115686
C03599	-0.837993361	-0.737993361	-0.637993361	-0.537993361	-0.437993361	-0.337993361
C01351	-0.885773026	-0.785773026	-0.685773026	-0.585773026	-0.485773026	-0.385773026
C05620	-0.427378562	-0.327378562	-0.227378562	-0.127378562	-0.027378562	0.072621438
C08588	-0.501839193	-0.401839193	-0.301839193	-0.201839193	-0.101839193	-0.001839193
C05145	-1.328769195	-1.228769195	-1.128769195	-1.028769195	-0.928769195	-0.828769195
C07546	0.282495634	0.382495634	0.482495634	0.582495634	0.682495634	0.782495634
C00992	-1.99322366	-1.89322366	-1.79322366	-1.69322366	-1.59322366	-1.49322366
C11808	-1.481762351	-1.381762351	-1.281762351	-1.181762351	-1.081762351	-0.981762351
C09018	1.274137073	1.374137073	1.474137073	1.574137073	1.674137073	1.774137073
C02162	0.124826407	0.224826407	0.324826407	0.424826407	0.524826407	0.624826407
C15650	0.716266759	0.816266759	0.916266759	1.016266759	1.116266759	1.216266759
C16162	-0.83037344	-0.73037344	-0.63037344	-0.53037344	-0.43037344	-0.33037344
C06823	-1.581194555	-1.481194555	-1.381194555	-1.281194555	-1.181194555	-1.081194555
C09815	-1.657551709	-1.557551709	-1.457551709	-1.357551709	-1.257551709	-1.157551709
C07785	0.876159869	0.976159869	1.076159869	1.176159869	1.276159869	1.376159869
C00822	-1.674206246	-1.574206246	-1.474206246	-1.374206246	-1.274206246	-1.174206246
C00051	0.617896513	0.717896513	0.817896513	0.917896513	1.017896513	1.117896513
C02530	-0.610219736	-0.510219736	-0.410219736	-0.310219736	-0.210219736	-0.110219736
C07044	0.463801725	0.563801725	0.663801725	0.763801725	0.863801725	0.963801725
C00645	-1.15659335	-1.05659335	-0.95659335	-0.85659335	-0.75659335	-0.65659335
C07464	1.427540691	1.527540691	1.627540691	1.727540691	1.827540691	1.927540691
C09921	0.199447887	0.299447887	0.399447887	0.499447887	0.599447887	0.699447887
C01048	2.373888693	2.473888693	2.573888693	2.673888693	2.773888693	2.873888693
C08814	-0.205205688	-0.105205688	-0.005205688	0.094794312	0.194794312	0.294794312
C04503	-0.886469789	-0.786469789	-0.686469789	-0.586469789	-0.486469789	-0.386469789
C08615	-1.37175938	-1.27175938	-1.17175938	-1.07175938	-0.97175938	-0.87175938
C00041	-0.2893596	-0.1893596	-0.0893596	0.0106404	0.1106404	0.2106404
C03444	0.877282824	0.977282824	1.077282824	1.177282824	1.277282824	1.377282824
C02860	1.559220866	1.659220866	1.759220866	1.859220866	1.959220866	2.059220866
C14309	-0.327420357	-0.227420357	-0.127420357	-0.027420357	0.072579643	0.172579643
C10409	0.71350495	0.81350495	0.91350495	1.01350495	1.11350495	1.21350495
C06558	0.778431999	0.878431999	0.978431999	1.078431999	1.178431999	1.278431999
C02240	-1.027296477	-0.927296477	-0.827296477	-0.727296477	-0.627296477	-0.527296477
C00239	-0.506117999	-0.406117999	-0.306117999	-0.206117999	-0.106117999	-0.006117999
C01150	-0.723573167	-0.623573167	-0.523573167	-0.423573167	-0.323573167	-0.223573167
C16168	1.639429593	1.739429593	1.839429593	1.939429593	2.039429593	2.139429593
C00175	0.605016026	0.705016026	0.805016026	0.905016026	1.005016026	1.105016026
C06141	0.678870183	0.778870183	0.878870183	0.978870183	1.078870183	1.178870183
C03773	-0.125051452	-0.025051452	0.074948548	0.174948548	0.274948548	0.374948548
C04437	-0.244113009	-0.144113009	-0.044113009	0.055886991	0.155886991	0.255886991
C13556	0.321360688	0.421360688	0.521360688	0.621360688	0.721360688	0.821360688
C05576	1.9156837	2.0156837	2.1156837	2.2156837	2.3156837	2.4156837
C01659	0.516221502	0.616221502	0.716221502	0.816221502	0.916221502	1.016221502
C14524	1.474978753	1.574978753	1.674978753	1.774978753	1.874978753	1.974978753
C05110	-0.782048815	-0.682048815	-0.582048815	-0.482048815	-0.382048815	-0.282048815
C00344	-1.415504746	-1.315504746	-1.215504746	-1.115504746	-1.015504746	-0.915504746
C05837	0.308819728	0.408819728	0.508819728	0.608819728	0.708819728	0.808819728
C02314	-0.767280329	-0.667280329	-0.567280329	-0.467280329	-0.367280329	-0.267280329
C09305	1.532538962	1.632538962	1.732538962	1.832538962	1.932538962	2.032538962
C00519	-0.633312296	-0.533312296	-0.433312296	-0.333312296	-0.233312296	-0.133312296
C03917	0.074950574	0.174950574	0.274950574	0.374950574	0.474950574	0.574950574
C12600	-2.899781185	-2.799781185	-2.699781185	-2.599781185	-2.499781185	-2.399781185
C13827	-0.136881951	-0.036881951	0.063118049	0.163118049	0.263118049	0.363118049
C11039	0.100232744	0.200232744	0.300232744	0.400232744	0.500232744	0.600232744
C11018	0.323877195	0.423877195	0.523877195	0.623877195	0.723877195	0.823877195
C01590	0.274774243	0.374774243	0.474774243	0.574774243	0.674774243	0.774774243
C05297	-0.367064159	-0.267064159	-0.167064159	-0.067064159	0.032935841	0.132935841
C08507	-0.703776539	-0.603776539	-0.503776539	-0.403776539	-0.303776539	-0.203776539
C09869	0.540864573	0.640864573	0.740864573	0.840864573	0.940864573	1.040864573
C12263	-0.181120448	-0.081120448	0.018879552	0.118879552	0.218879552	0.318879552
C00918	-0.451881362	-0.351881362	-0.251881362	-0.151881362	-0.051881362	0.048118638
C10216	-0.526950125	-0.426950125	-0.326950125	-0.226950125	-0.126950125	-0.026950125
C09347	-0.662612493	-0.562612493	-0.462612493	-0.362612493	-0.262612493	-0.162612493
C02132	-0.786679976	-0.686679976	-0.586679976	-0.486679976	-0.386679976	-0.286679976
C01228	0.870587404	0.970587404	1.070587404	1.170587404	1.270587404	1.370587404
C00986	-1.449998284	-1.349998284	-1.249998284	-1.149998284	-1.049998284	-0.949998284
C15673	-0.523892891	-0.423892891	-0.323892891	-0.223892891	-0.123892891	-0.023892891
C08427	0.426493451	0.526493451	0.626493451	0.726493451	0.826493451	0.926493451
C11196	1.709715917	1.809715917	1.909715917	2.009715917	2.109715917	2.209715917
C00047	0.120751071	0.220751071	0.320751071	0.420751071	0.520751071	0.620751071
C06353	0.917831387	1.017831387	1.117831387	1.217831387	1.317831387	1.417831387
C05768	0.261868956	0.361868956	0.461868956	0.561868956	0.661868956	0.761868956
C02160	2.726633173	2.826633173	2.926633173	3.026633173	3.126633173	3.226633173
C03402	-0.131906952	-0.031906952	0.068093048	0.168093048	0.268093048	0.368093048
C08115	0.898238405	0.998238405	1.098238405	1.198238405	1.298238405	1.398238405
C10983	-1.650398836	-1.550398836	-1.450398836	-1.350398836	-1.250398836	-1.150398836
C03892	0.681325919	0.781325919	0.881325919	0.981325919	1.081325919	1.181325919
C03679	1.001588308	1.101588308	1.201588308	1.301588308	1.401588308	1.501588308
C11147	1.18749734	1.28749734	1.38749734	1.48749734	1.58749734	1.68749734
C02046	-0.121037496	-0.021037496	0.078962504	0.178962504	0.278962504	0.378962504
C05200	-2.330084212	-2.230084212	-2.130084212	-2.030084212	-1.930084212	-1.830084212
C03802	0.319452933	0.419452933	0.519452933	0.619452933	0.719452933	0.819452933
C15584	-0.212113904	-0.112113904	-0.012113904	0.087886096	0.187886096	0.287886096
C01419	-1.616828477	-1.516828477	-1.416828477	-1.316828477	-1.216828477	-1.116828477
C00001	1.031208674	1.131208674	1.231208674	1.331208674	1.431208674	1.531208674
C08626	1.254080444	1.354080444	1.454080444	1.554080444	1.654080444	1.754080444
C03154	0.70879943	0.80879943	0.90879943	1.00879943	1.10879943	1.20879943
C00024	2.040440094	2.140440094	2.240440094	2.340440094	2.440440094	2.540440094
C02055	1.876601824	1.976601824	2.076601824	2.176601824	2.276601824	2.376601824
C14690	-0.625013335	-0.525013335	-0.425013335	-0.325013335	-0.225013335	-0.125013335
C00779	0.625328922	0.725328922	0.825328922	0.925328922	1.025328922	1.125328922
C14429	0.834094555	0.934094555	1.034094555	1.134094555	1.234094555	1.334094555
C14299	0.02177638	0.12177638	0.22177638	0.32177638	0.42177638	0.52177638
C03300	-1.254739296	-1.154739296	-1.054739296	-0.954739296	-0.854739296	-0.754739296
C02119	0.633511396	0.733511396	0.833511396	0.933511396	1.033511396	1.133511396
C01407	-0.747223729	-0.647223729	-0.547223729	-0.447223729	-0.347223729	-0.247223729
C02225	1.20626732	1.30626732	1.40626732	1.50626732	1.60626732	1.70626732
C08277	0.317394174	0.417394174	0.517394174	0.617394174	0.717394174	0.817394174
C01479	1.731669354	1.831669354	1.931669354	2.031669354	2.131669354	2.231669354
C08390	0.191255359	0.291255359	0.391255359	0.491255359	0.591255359	0.691255359
C12058	-0.520948332	-0.420948332	-0.320948332	-0.220948332	-0.120948332	-0.020948332
C00474	-1.324355591	-1.224355591	-1.124355591	-1.024355591	-0.924355591	-0.824355591
C05202	-0.763665355	-0.663665355	-0.563665355	-0.463665355	-0.363665355	-0.263665355
C04280	0.072562849	0.172562849	0.272562849	0.372562849	0.472562849	0.572562849
C04213	0.717866221	0.817866221	0.917866221	1.017866221	1.117866221	1.217866221
C04372	0.15365223	0.25365223	0.35365223	0.45365223	0.55365223	0.65365223
C15568	1.468070442	1.568070442	1.668070442	1.768070442	1.868070442	1.968070442
C11434	0.203542514	0.303542514	0.403542514	0.503542514	0.603542514	0.703542514
C14358	-2.126945507	-2.026945507	-1.926945507	-1.826945507	-1.726945507	-1.626945507
C06687	-1.538014412	-1.438014412	-1.338014412	-1.238014412	-1.138014412	-1.038014412
C03772	-0.263638069	-0.163638069	-0.063638069	0.036361931	0.136361931	0.236361931
C05335	0.315970412	0.415970412	0.515970412	0.615970412	0.715970412	0.815970412
C07880	1.591163775	1.691163775	1.791163775	1.891163775	1.991163775	2.091163775
C04592	-0.731518484	-0.631518484	-0.531518484	-0.431518484	-0.331518484	-0.231518484
C08612	-0.832261327	-0.732261327	-0.632261327	-0.532261327	-0.432261327	-0.332261327
C05933	-0.770437757	-0.670437757	-0.570437757	-0.470437757	-0.370437757	-0.270437757
C10910	-1.434424006	-1.334424006	-1.234424006	-1.134424006	-1.034424006	-0.934424006
C05359	0.101810568	0.201810568	0.301810568	0.401810568	0.501810568	0.601810568
C07084	0.346978264	0.446978264	0.546978264	0.646978264	0.746978264	0.846978264
C06188	-0.682316726	-0.582316726	-0.482316726	-0.382316726	-0.282316726	-0.182316726
C05123	-0.483828999	-0.383828999	-0.283828999	-0.183828999	-0.083828999	0.016171001
C10101	0.356570221	0.456570221	0.556570221	0.656570221	0.756570221	0.856570221
C03215	0.525706841	0.625706841	0.725706841	0.825706841	0.925706841	1.025706841
C06814	-0.584142253	-0.484142253	-0.384142253	-0.284142253	-0.184142253	-0.084142253
C09164	0.333099002	0.433099002	0.533099002	0.633099002	0.733099002	0.833099002
C00647	0.470131335	0.570131335	0.670131335	0.770131335	0.870131335	0.970131335
C08576	0.732661816	0.832661816	0.932661816	1.032661816	1.132661816	1.232661816
C04076	-0.301539184	-0.201539184	-0.101539184	-0.001539184	0.098460816	0.198460816
C18049	0.718605594	0.818605594	0.918605594	1.018605594	1.118605594	1.218605594
C01313	-1.689968005	-1.589968005	-1.489968005	-1.389968005	-1.289968005	-1.189968005
C07415	0.322164343	0.422164343	0.522164343	0.622164343	0.722164343	0.822164343
C07594	0.446968463	0.546968463	0.646968463	0.746968463	0.846968463	0.946968463
C07405	0.091530285	0.191530285	0.291530285	0.391530285	0.491530285	0.591530285
C00364	-0.067583343	0.032416657	0.132416657	0.232416657	0.332416657	0.432416657
C08422	-0.285805872	-0.185805872	-0.085805872	0.014194128	0.114194128	0.214194128
C01292	-0.042260422	0.057739578	0.157739578	0.257739578	0.357739578	0.457739578
C14285	-0.076254604	0.023745396	0.123745396	0.223745396	0.323745396	0.423745396
C05143	1.375151054	1.475151054	1.575151054	1.675151054	1.775151054	1.875151054
C11436	-1.503808163	-1.403808163	-1.303808163	-1.203808163	-1.103808163	-1.003808163
C14417	-0.678791517	-0.578791517	-0.478791517	-0.378791517	-0.278791517	-0.178791517
C03189	0.773589877	0.873589877	0.973589877	1.073589877	1.173589877	1.273589877
C05442	0.69093703	0.79093703	0.89093703	0.99093703	1.09093703	1.19093703
C06976	1.411946431	1.511946431	1.611946431	1.711946431	1.811946431	1.911946431
C05267	0.118154341	0.218154341	0.318154341	0.418154341	0.518154341	0.618154341
C08129	0.309825618	0.409825618	0.509825618	0.609825618	0.709825618	0.809825618
C01268	0.965945704	1.065945704	1.165945704	1.265945704	1.365945704	1.465945704
C04598	0.716917841	0.816917841	0.916917841	1.016917841	1.116917841	1.216917841
C14437	-0.001811592	0.098188408	0.198188408	0.298188408	0.398188408	0.498188408
C00363	-0.453870216	-0.353870216	-0.253870216	-0.153870216	-0.053870216	0.046129784
C03737	1.284038065	1.384038065	1.484038065	1.584038065	1.684038065	1.784038065
C00473	0.747074373	0.847074373	0.947074373	1.047074373	1.147074373	1.247074373
C03062	0.555655332	0.655655332	0.755655332	0.855655332	0.955655332	1.055655332
C02809	1.001590819	1.101590819	1.201590819	1.301590819	1.401590819	1.501590819
C04271	1.013753053	1.113753053	1.213753053	1.313753053	1.413753053	1.513753053
C18019	0.506098974	0.606098974	0.706098974	0.806098974	0.906098974	1.006098974
C02315	0.231266215	0.331266215	0.431266215	0.531266215	0.631266215	0.731266215
C02909	-1.168359038	-1.068359038	-0.968359038	-0.868359038	-0.768359038	-0.668359038
C04169	0.98321852	1.08321852	1.18321852	1.28321852	1.38321852	1.48321852
C02518	1.280088436	1.380088436	1.480088436	1.580088436	1.680088436	1.780088436
C00353	-0.769681657	-0.669681657	-0.569681657	-0.469681657	-0.369681657	-0.269681657
C07174	1.785503818	1.885503818	1.985503818	2.085503818	2.185503818	2.285503818
C01604	0.289437658	0.389437658	0.489437658	0.589437658	0.689437658	0.789437658
C14214	-0.818200252	-0.718200252	-0.618200252	-0.518200252	-0.418200252	-0.318200252
C06408	-0.053027793	0.046972207	0.146972207	0.246972207	0.346972207	0.446972207
C06999	-0.572616978	-0.472616978	-0.372616978	-0.272616978	-0.172616978	-0.072616978
C03072	-2.165847864	-2.065847864	-1.965847864	-1.865847864	-1.765847864	-1.665847864
C08367	1.19865394	1.29865394	1.39865394	1.49865394	1.59865394	1.69865394
C05961	1.762693797	1.862693797	1.962693797	2.062693797	2.162693797	2.262693797
C03575	0.982543655	1.082543655	1.182543655	1.282543655	1.382543655	1.482543655
C00511	-0.363162548	-0.263162548	-0.163162548	-0.063162548	0.036837452	0.136837452
C05581	1.47742661	1.57742661	1.67742661	1.77742661	1.87742661	1.97742661
C04930	-1.963525369	-1.863525369	-1.763525369	-1.663525369	-1.563525369	-1.463525369
C05653	-0.428494486	-0.328494486	-0.228494486	-0.128494486	-0.028494486	0.071505514
C06530	0.015555221	0.115555221	0.215555221	0.315555221	0.415555221	0.515555221
C00020	-0.953183243	-0.853183243	-0.753183243	-0.653183243	-0.553183243	-0.453183243
C01034	-1.524030185	-1.424030185	-1.324030185	-1.224030185	-1.124030185	-1.024030185
C02781	-0.555819486	-0.455819486	-0.355819486	-0.255819486	-0.155819486	-0.055819486
C07833	0.386404561	0.486404561	0.586404561	0.686404561	0.786404561	0.886404561
C11030	1.850593705	1.950593705	2.050593705	2.150593705	2.250593705	2.350593705
C00283	0.619095918	0.719095918	0.819095918	0.919095918	1.019095918	1.119095918
C05102	1.583319278	1.683319278	1.783319278	1.883319278	1.983319278	2.083319278
C03467	1.381387014	1.481387014	1.581387014	1.681387014	1.781387014	1.881387014
C06468	-0.178560626	-0.078560626	0.021439374	0.121439374	0.221439374	0.321439374
C08095	1.176420041	1.276420041	1.376420041	1.476420041	1.576420041	1.676420041
C00149	0.795857417	0.895857417	0.995857417	1.095857417	1.195857417	1.295857417
C06154	-1.133538046	-1.033538046	-0.933538046	-0.833538046	-0.733538046	-0.633538046
C00424	-0.542619998	-0.442619998	-0.342619998	-0.242619998	-0.142619998	-0.042619998
C07669	-0.694917719	-0.594917719	-0.494917719	-0.394917719	-0.294917719	-0.194917719
C10202	-1.385562927	-1.285562927	-1.185562927	-1.085562927	-0.985562927	-0.885562927
C00988	0.775112165	0.875112165	0.975112165	1.075112165	1.175112165	1.275112165
C02667	-0.86574958	-0.76574958	-0.66574958	-0.56574958	-0.46574958	-0.36574958
C03953	0.315418802	0.415418802	0.515418802	0.615418802	0.715418802	0.815418802
C00783	-0.596317222	-0.496317222	-0.396317222	-0.296317222	-0.196317222	-0.096317222
C00366	-0.484294445	-0.384294445	-0.284294445	-0.184294445	-0.084294445	0.015705555
C17568	0.919050909	1.019050909	1.119050909	1.219050909	1.319050909	1.419050909
C08160	-1.179552505	-1.079552505	-0.979552505	-0.879552505	-0.779552505	-0.679552505
C06793	-0.024842605	0.075157395	0.175157395	0.275157395	0.375157395	0.475157395
C07825	0.266229472	0.366229472	0.466229472	0.566229472	0.666229472	0.766229472
C14054	-0.618382496	-0.518382496	-0.418382496	-0.318382496	-0.218382496	-0.118382496
C02304	-0.135870709	-0.035870709	0.064129291	0.164129291	0.264129291	0.364129291
C16432	1.886578807	1.986578807	2.086578807	2.186578807	2.286578807	2.386578807
C06157	-0.624562622	-0.524562622	-0.424562622	-0.324562622	-0.224562622	-0.124562622
C07108	-1.56685313	-1.46685313	-1.36685313	-1.26685313	-1.16685313	-1.06685313
C03160	-0.408776355	-0.308776355	-0.208776355	-0.108776355	-0.008776355	0.091223645
C02726	-0.112198506	-0.012198506	0.087801494	0.187801494	0.287801494	0.387801494
C07760	0.600096028	0.700096028	0.800096028	0.900096028	1.000096028	1.100096028
C00832	1.399670177	1.499670177	1.599670177	1.699670177	1.799670177	1.899670177
C05467	1.11065669	1.21065669	1.31065669	1.41065669	1.51065669	1.61065669
C05380	0.106693741	0.206693741	0.306693741	0.406693741	0.506693741	0.606693741
C06121	1.676613035	1.776613035	1.876613035	1.976613035	2.076613035	2.176613035
C05823	1.383752291	1.483752291	1.583752291	1.683752291	1.783752291	1.883752291
C04877	-2.259383019	-2.159383019	-2.059383019	-1.959383019	-1.859383019	-1.759383019
C02107	-0.461153929	-0.361153929	-0.261153929	-0.161153929	-0.061153929	0.038846071
C02517	-0.112090801	-0.012090801	0.087909199	0.187909199	0.287909199	0.387909199
C09103	1.912867901	2.012867901	2.112867901	2.212867901	2.312867901	2.412867901
C13199	1.687677764	1.787677764	1.887677764	1.987677764	2.087677764	2.187677764
C01355	-0.107443364	-0.007443364	0.092556636	0.192556636	0.292556636	0.392556636
C06265	-2.045624299	-1.945624299	-1.845624299	-1.745624299	-1.645624299	-1.545624299
C05487	0.458520183	0.558520183	0.658520183	0.758520183	0.858520183	0.958520183
C14689	-0.82777625	-0.72777625	-0.62777625	-0.52777625	-0.42777625	-0.32777625
C02921	1.070838088	1.170838088	1.270838088	1.370838088	1.470838088	1.570838088
C09544	-1.266220893	-1.166220893	-1.066220893	-0.966220893	-0.866220893	-0.766220893
C00841	-0.878411594	-0.778411594	-0.678411594	-0.578411594	-0.478411594	-0.378411594
C06023	-0.320812354	-0.220812354	-0.120812354	-0.020812354	0.079187646	0.179187646
C06420	-0.975370658	-0.875370658	-0.775370658	-0.675370658	-0.575370658	-0.475370658
C06808	0.495677411	0.595677411	0.695677411	0.795677411	0.895677411	0.995677411
C01172	1.716208831	1.816208831	1.916208831	2.016208831	2.116208831	2.216208831
C12413	1.968939265	2.068939265	2.168939265	2.268939265	2.368939265	2.468939265
C00494	0.681321769	0.781321769	0.881321769	0.981321769	1.081321769	1.181321769
C01306	-1.023590418	-0.923590418	-0.823590418	-0.723590418	-0.623590418	-0.523590418
C06918	0.1345184	0.2345184	0.3345184	0.4345184	0.5345184	0.6345184
C00581	0.170108074	0.270108074	0.370108074	0.470108074	0.570108074	0.670108074
C09820	-0.432536807	-0.332536807	-0.232536807	-0.132536807	-0.032536807	0.067463193
C12626	0.420526744	0.520526744	0.620526744	0.720526744	0.820526744	0.920526744
C08302	0.860293822	0.960293822	1.060293822	1.160293822	1.260293822	1.360293822
C16303	2.739473801	2.839473801	2.939473801	3.039473801	3.139473801	3.239473801
C01100	0.677597681	0.777597681	0.877597681	0.977597681	1.077597681	1.177597681
C18412	-1.053158006	-0.953158006	-0.853158006	-0.753158006	-0.653158006	-0.553158006
C07865	-1.519797967	-1.419797967	-1.319797967	-1.219797967	-1.119797967	-1.019797967
C07192	0.138322943	0.238322943	0.338322943	0.438322943	0.538322943	0.638322943
C03000	1.270431242	1.370431242	1.470431242	1.570431242	1.670431242	1.770431242
C12212	0.986427699	1.086427699	1.186427699	1.286427699	1.386427699	1.486427699
C07668	0.025297732	0.125297732	0.225297732	0.325297732	0.425297732	0.525297732
C12640	1.380856269	1.480856269	1.580856269	1.680856269	1.780856269	1.880856269
C03998	-1.329235214	-1.229235214	-1.129235214	-1.029235214	-0.929235214	-0.829235214
C07928	-0.157731431	-0.057731431	0.042268569	0.142268569	0.242268569	0.342268569
C05177	-1.410082878	-1.310082878	-1.210082878	-1.110082878	-1.010082878	-0.910082878
C03071	-0.953405843	-0.853405843	-0.753405843	-0.653405843	-0.553405843	-0.453405843
C11766	-0.484840036	-0.384840036	-0.284840036	-0.184840036	-0.084840036	0.015159964
C18211	1.759298404	1.859298404	1.959298404	2.059298404	2.159298404	2.259298404
C08513	-0.561035387	-0.461035387	-0.361035387	-0.261035387	-0.161035387	-0.061035387
C17703	-0.960260212	-0.860260212	-0.760260212	-0.660260212	-0.560260212	-0.460260212
C09700	0.416718648	0.516718648	0.616718648	0.716718648	0.816718648	0.916718648
C00510	-0.893197281	-0.793197281	-0.693197281	-0.593197281	-0.493197281	-0.393197281
C05705	-1.540162467	-1.440162467	-1.340162467	-1.240162467	-1.140162467	-1.040162467
C05270	0.751620968	0.851620968	0.951620968	1.051620968	1.151620968	1.251620968
C18248	0.625774631	0.725774631	0.825774631	0.925774631	1.025774631	1.125774631
C17931	-0.710927718	-0.610927718	-0.510927718	-0.410927718	-0.310927718	-0.210927718
C17268	-0.208193685	-0.108193685	-0.008193685	0.091806315	0.191806315	0.291806315
C09167	0.277691517	0.377691517	0.477691517	0.577691517	0.677691517	0.777691517
C00417	-0.657698321	-0.557698321	-0.457698321	-0.357698321	-0.257698321	-0.157698321
C11369	1.505183022	1.605183022	1.705183022	1.805183022	1.905183022	2.005183022
C07054	0.466761403	0.566761403	0.666761403	0.766761403	0.866761403	0.966761403
C08980	0.334618428	0.434618428	0.534618428	0.634618428	0.734618428	0.834618428
C01432	0.009539864	0.109539864	0.209539864	0.309539864	0.409539864	0.509539864
C06028	0.227071652	0.327071652	0.427071652	0.527071652	0.627071652	0.727071652
C15809	-0.020113169	0.079886831	0.179886831	0.279886831	0.379886831	0.479886831
C01205	0.383252255	0.483252255	0.583252255	0.683252255	0.783252255	0.883252255
C01212	-0.437224582	-0.337224582	-0.237224582	-0.137224582	-0.037224582	0.062775418
C01892	1.070230785	1.170230785	1.270230785	1.370230785	1.470230785	1.570230785
C01484	1.6699017	1.7699017	1.8699017	1.9699017	2.0699017	2.1699017
C14184	-1.320925238	-1.220925238	-1.120925238	-1.020925238	-0.920925238	-0.820925238
C09390	0.159293711	0.259293711	0.359293711	0.459293711	0.559293711	0.659293711
C05593	0.413299468	0.513299468	0.613299468	0.713299468	0.813299468	0.913299468
C03284	-0.071628945	0.028371055	0.128371055	0.228371055	0.328371055	0.428371055
C00346	1.651241697	1.751241697	1.851241697	1.951241697	2.051241697	2.151241697
C02872	0.010531822	0.110531822	0.210531822	0.310531822	0.410531822	0.510531822
C06969	-0.40984103	-0.30984103	-0.20984103	-0.10984103	-0.00984103	0.09015897
C04536	0.086719654	0.186719654	0.286719654	0.386719654	0.486719654	0.586719654
C05794	-0.615243261	-0.515243261	-0.415243261	-0.315243261	-0.215243261	-0.115243261
C01086	-0.223951827	-0.123951827	-0.023951827	0.076048173	0.176048173	0.276048173
C08159	0.698203377	0.798203377	0.898203377	0.998203377	1.098203377	1.198203377
C07819	-0.491097019	-0.391097019	-0.291097019	-0.191097019	-0.091097019	0.008902981
C11902	1.032606532	1.132606532	1.232606532	1.332606532	1.432606532	1.532606532
C02630	0.981136251	1.081136251	1.181136251	1.281136251	1.381136251	1.481136251
C19132	-1.148210213	-1.048210213	-0.948210213	-0.848210213	-0.748210213	-0.648210213
C00800	1.345624387	1.445624387	1.545624387	1.645624387	1.745624387	1.845624387
C06508	1.343093134	1.443093134	1.543093134	1.643093134	1.743093134	1.843093134
C03872	0.153273622	0.253273622	0.353273622	0.453273622	0.553273622	0.653273622
C11437	1.088878636	1.188878636	1.288878636	1.388878636	1.488878636	1.588878636
C03248	-1.595329176	-1.495329176	-1.395329176	-1.295329176	-1.195329176	-1.095329176
C06930	0.61197893	0.71197893	0.81197893	0.91197893	1.01197893	1.11197893
C10580	-0.598071461	-0.498071461	-0.398071461	-0.298071461	-0.198071461	-0.098071461
C09891	-0.084581894	0.015418106	0.115418106	0.215418106	0.315418106	0.415418106
C01341	-0.251220007	-0.151220007	-0.051220007	0.048779993	0.148779993	0.248779993
C05904	0.113236348	0.213236348	0.313236348	0.413236348	0.513236348	0.613236348
C03848	1.179783388	1.279783388	1.379783388	1.479783388	1.579783388	1.679783388
C00865	-0.518495327	-0.418495327	-0.318495327	-0.218495327	-0.118495327	-0.018495327
C06352	-0.28164399	-0.18164399	-0.08164399	0.01835601	0.11835601	0.21835601
C09637	0.005685842	0.105685842	0.205685842	0.305685842	0.405685842	0.505685842
C16569	0.916716758	1.016716758	1.116716758	1.216716758	1.316716758	1.416716758
C10629	-1.071790866	-0.971790866	-0.871790866	-0.771790866	-0.671790866	-0.571790866
C07049	0.344841648	0.444841648	0.544841648	0.644841648	0.744841648	0.844841648
C06427	1.047867002	1.147867002	1.247867002	1.347867002	1.447867002	1.547867002
C07251	0.954907544	1.054907544	1.154907544	1.254907544	1.354907544	1.454907544
C08459	1.058061725	1.158061725	1.258061725	1.358061725	1.458061725	1.558061725
C02034	-2.164194242	-2.064194242	-1.964194242	-1.864194242	-1.764194242	-1.664194242
C03817	0.418800418	0.518800418	0.618800418	0.718800418	0.818800418	0.918800418
C01570	-0.466641236	-0.366641236	-0.266641236	-0.166641236	-0.066641236	0.033358764
C11380	0.166353737	0.266353737	0.366353737	0.466353737	0.566353737	0.666353737
C08439	0.941538959	1.041538959	1.141538959	1.241538959	1.341538959	1.441538959
C11383	-0.866170352	-0.766170352	-0.666170352	-0.566170352	-0.466170352	-0.366170352
C04882	-1.590810695	-1.490810695	-1.390810695	-1.290810695	-1.190810695	-1.090810695
C02010	0.513824188	0.613824188	0.713824188	0.813824188	0.913824188	1.013824188
C13281	-1.137795092	-1.037795092	-0.937795092	-0.837795092	-0.737795092	-0.637795092
C00869	0.241434523	0.341434523	0.441434523	0.541434523	0.641434523	0.741434523
C04193	-0.546781494	-0.446781494	-0.346781494	-0.246781494	-0.146781494	-0.046781494
C01050	0.255236643	0.355236643	0.455236643	0.555236643	0.655236643	0.755236643
C02137	-0.421015786	-0.321015786	-0.221015786	-0.121015786	-0.021015786	0.078984214
C03366	1.44005902	1.54005902	1.64005902	1.74005902	1.84005902	1.94005902
C07267	0.834415553	0.934415553	1.034415553	1.134415553	1.234415553	1.334415553
C10783	0.03637787	0.13637787	0.23637787	0.33637787	0.43637787	0.53637787
C01950	0.94019961	1.04019961	1.14019961	1.24019961	1.34019961	1.44019961
C06027	0.040508379	0.140508379	0.240508379	0.340508379	0.440508379	0.540508379
C14039	0.8132159	0.9132159	1.0132159	1.1132159	1.2132159	1.3132159
C05378	-0.882737325	-0.782737325	-0.682737325	-0.582737325	-0.482737325	-0.382737325
C02497	0.200972396	0.300972396	0.400972396	0.500972396	0.600972396	0.700972396
C06917	1.640090077	1.740090077	1.840090077	1.940090077	2.040090077	2.140090077
C01863	-1.537077994	-1.437077994	-1.337077994	-1.237077994	-1.137077994	-1.037077994
C14717	-1.524194809	-1.424194809	-1.324194809	-1.224194809	-1.124194809	-1.024194809
C14673	2.078148759	2.178148759	2.278148759	2.378148759	2.478148759	2.578148759
C07612	0.5965547	0.6965547	0.7965547	0.8965547	0.9965547	1.0965547
C08250	-0.101184792	-0.001184792	0.098815208	0.198815208	0.298815208	0.398815208
C03124	0.695932399	0.795932399	0.895932399	0.995932399	1.095932399	1.195932399
C03796	-1.107140943	-1.007140943	-0.907140943	-0.807140943	-0.707140943	-0.607140943
C09419	-0.359072238	-0.259072238	-0.159072238	-0.059072238	0.040927762	0.140927762
C02914	0.347836643	0.447836643	0.547836643	0.647836643	0.747836643	0.847836643
C18129	0.296021892	0.396021892	0.496021892	0.596021892	0.696021892	0.796021892
C08578	-0.808212994	-0.708212994	-0.608212994	-0.508212994	-0.408212994	-0.308212994
C08235	-1.360734488	-1.260734488	-1.160734488	-1.060734488	-0.960734488	-0.860734488
C00442	0.425840072	0.525840072	0.625840072	0.725840072	0.825840072	0.925840072
C06089	1.013246537	1.113246537	1.213246537	1.313246537	1.413246537	1.513246537
C02896	1.33243883	1.43243883	1.53243883	1.63243883	1.73243883	1.83243883
C06091	0.330605588	0.430605588	0.530605588	0.630605588	0.730605588	0.830605588
C05271	0.159625823	0.259625823	0.359625823	0.459625823	0.559625823	0.659625823
C04642	0.36866104	0.46866104	0.56866104	0.66866104	0.76866104	0.86866104
C00250	1.615904097	1.715904097	1.815904097	1.915904097	2.015904097	2.115904097
C02658	-0.166899885	-0.066899885	0.033100115	0.133100115	0.233100115	0.333100115
C16795	0.857655039	0.957655039	1.057655039	1.157655039	1.257655039	1.357655039
C07490	1.025924748	1.125924748	1.225924748	1.325924748	1.425924748	1.525924748
C00786	-1.394170792	-1.294170792	-1.194170792	-1.094170792	-0.994170792	-0.894170792
C00206	1.880967124	1.980967124	2.080967124	2.180967124	2.280967124	2.380967124
C16154	-1.187305882	-1.087305882	-0.987305882	-0.887305882	-0.787305882	-0.687305882
C04939	0.034850925	0.134850925	0.234850925	0.334850925	0.434850925	0.534850925
C13038	0.795822947	0.895822947	0.995822947	1.095822947	1.195822947	1.295822947
C02549	-0.711768834	-0.611768834	-0.511768834	-0.411768834	-0.311768834	-0.211768834
C05109	-1.719289545	-1.619289545	-1.519289545	-1.419289545	-1.319289545	-1.219289545
C07250	0.481666573	0.581666573	0.681666573	0.781666573	0.881666573	0.981666573
C07339	0.621140667	0.721140667	0.821140667	0.921140667	1.021140667	1.121140667
C03146	0.821121367	0.921121367	1.021121367	1.121121367	1.221121367	1.321121367
C14337	0.267893908	0.367893908	0.467893908	0.567893908	0.667893908	0.767893908
C00314	0.334005183	0.434005183	0.534005183	0.634005183	0.734005183	0.834005183
C00810	0.355220096	0.455220096	0.555220096	0.655220096	0.755220096	0.855220096
C13681	0.851882298	0.951882298	1.051882298	1.151882298	1.251882298	1.351882298
C00233	-0.575800562	-0.475800562	-0.375800562	-0.275800562	-0.175800562	-0.075800562
C11025	-0.109460492	-0.009460492	0.090539508	0.190539508	0.290539508	0.390539508
C12293	0.607941305	0.707941305	0.807941305	0.907941305	1.007941305	1.107941305
C06915	1.463180549	1.563180549	1.663180549	1.763180549	1.863180549	1.963180549
C04867	-0.127355806	-0.027355806	0.072644194	0.172644194	0.272644194	0.372644194
C09086	1.335970734	1.435970734	1.535970734	1.635970734	1.735970734	1.835970734
C11415	0.093725719	0.193725719	0.293725719	0.393725719	0.493725719	0.593725719
C01280	-0.690298382	-0.590298382	-0.490298382	-0.390298382	-0.290298382	-0.190298382
C01766	-0.682900111	-0.582900111	-0.482900111	-0.382900111	-0.282900111	-0.182900111
C06933	-2.01922967	-1.91922967	-1.81922967	-1.71922967	-1.61922967	-1.51922967
C11242	0.560878966	0.660878966	0.760878966	0.860878966	0.960878966	1.060878966
C07156	1.116381268	1.216381268	1.316381268	1.416381268	1.516381268	1.616381268
C14674	-0.225063192	-0.125063192	-0.025063192	0.074936808	0.174936808	0.274936808
C06658	-1.82219812	-1.72219812	-1.62219812	-1.52219812	-1.42219812	-1.32219812
C05519	-0.553680878	-0.453680878	-0.353680878	-0.253680878	-0.153680878	-0.053680878
C04521	-0.301160593	-0.201160593	-0.101160593	-0.001160593	0.098839407	0.198839407
C18605	-0.194828991	-0.094828991	0.005171009	0.105171009	0.205171009	0.305171009
C09097	-1.106032697	-1.006032697	-0.906032697	-0.806032697	-0.706032697	-0.606032697
C10314	2.277526431	2.377526431	2.477526431	2.577526431	2.677526431	2.777526431
C11867	-0.575818755	-0.475818755	-0.375818755	-0.275818755	-0.175818755	-0.075818755
C06644	0.446905444	0.546905444	0.646905444	0.746905444	0.846905444	0.946905444
C00831	-1.236308156	-1.136308156	-1.036308156	-0.936308156	-0.836308156	-0.736308156
C00921	1.652697637	1.752697637	1.852697637	1.952697637	2.052697637	2.152697637
C05336	-1.273763823	-1.173763823	-1.073763823	-0.973763823	-0.873763823	-0.773763823
C07275	-0.147305238	-0.047305238	0.052694762	0.152694762	0.252694762	0.352694762
C09854	-0.484734353	-0.384734353	-0.284734353	-0.184734353	-0.084734353	0.015265647
C07040	0.273892121	0.373892121	0.473892121	0.573892121	0.673892121	0.773892121
C09868	-1.350167344	-1.250167344	-1.150167344	-1.050167344	-0.950167344	-0.850167344
C08320	0.795813873	0.895813873	0.995813873	1.095813873	1.195813873	1.295813873
C05994	-0.341672912	-0.241672912	-0.141672912	-0.041672912	0.058327088	0.158327088
C12248	-2.230817427	-2.130817427	-2.030817427	-1.930817427	-1.830817427	-1.730817427
C06802	-1.242442141	-1.142442141	-1.042442141	-0.942442141	-0.842442141	-0.742442141
C03052	0.643426336	0.743426336	0.843426336	0.943426336	1.043426336	1.143426336
C02888	-1.708396956	-1.608396956	-1.508396956	-1.408396956	-1.308396956	-1.208396956
C09893	0.286023879	0.386023879	0.486023879	0.586023879	0.686023879	0.786023879
C05433	0.666703745	0.766703745	0.866703745	0.966703745	1.066703745	1.166703745
C02081	-0.648477705	-0.548477705	-0.448477705	-0.348477705	-0.248477705	-0.148477705
C02825	-0.236337172	-0.136337172	-0.036337172	0.063662828	0.163662828	0.263662828
C06690	-0.312902213	-0.212902213	-0.112902213	-0.012902213	0.087097787	0.187097787
C00090	-0.829098978	-0.729098978	-0.629098978	-0.529098978	-0.429098978	-0.329098978
C09624	-0.385913315	-0.285913315	-0.185913315	-0.085913315	0.014086685	0.114086685
C01113	0.669531646	0.769531646	0.869531646	0.969531646	1.069531646	1.169531646
C11126	1.060591373	1.160591373	1.260591373	1.360591373	1.460591373	1.560591373
C08293	-0.920148138	-0.820148138	-0.720148138	-0.620148138	-0.520148138	-0.420148138
C00754	1.643619633	1.743619633	1.843619633	1.943619633	2.043619633	2.143619633
C10119	-0.608711194	-0.508711194	-0.408711194	-0.308711194	-0.208711194	-0.108711194
C07212	0.068653831	0.168653831	0.268653831	0.368653831	0.468653831	0.568653831
C06411	-0.169184187	-0.069184187	0.030815813	0.130815813	0.230815813	0.330815813
C02043	0.323812883	0.423812883	0.523812883	0.623812883	0.723812883	0.823812883
C05684	-0.725156551	-0.625156551	-0.525156551	-0.425156551	-0.325156551	-0.225156551
C01937	0.256252368	0.356252368	0.456252368	0.556252368	0.656252368	0.756252368
C07608	-1.725161402	-1.625161402	-1.525161402	-1.425161402	-1.325161402	-1.225161402
C01289	1.26001673	1.36001673	1.46001673	1.56001673	1.66001673	1.76001673
C04917	-1.340011112	-1.240011112	-1.140011112	-1.040011112	-0.940011112	-0.840011112
C03661	-0.839995778	-0.739995778	-0.639995778	-0.539995778	-0.439995778	-0.339995778
C04534	-0.405659699	-0.305659699	-0.205659699	-0.105659699	-0.005659699	0.094340301
C07178	2.306589246	2.406589246	2.506589246	2.606589246	2.706589246	2.806589246
C06946	-0.372592672	-0.272592672	-0.172592672	-0.072592672	0.027407328	0.127407328
C06406	1.371913135	1.471913135	1.571913135	1.671913135	1.771913135	1.871913135
C03895	-1.481383352	-1.381383352	-1.281383352	-1.181383352	-1.081383352	-0.981383352
C16258	-0.597563861	-0.497563861	-0.397563861	-0.297563861	-0.197563861	-0.097563861
C05278	0.798193791	0.898193791	0.998193791	1.098193791	1.198193791	1.298193791
C15767	1.368819797	1.468819797	1.568819797	1.668819797	1.768819797	1.868819797
C08392	0.635135378	0.735135378	0.835135378	0.935135378	1.035135378	1.135135378
C11849	-0.224054533	-0.124054533	-0.024054533	0.075945467	0.175945467	0.275945467
C00738	-0.532949583	-0.432949583	-0.332949583	-0.232949583	-0.132949583	-0.032949583
C02057	-2.447997264	-2.347997264	-2.247997264	-2.147997264	-2.047997264	-1.947997264
C10163	-0.076423378	0.023576622	0.123576622	0.223576622	0.323576622	0.423576622
C15558	0.109242424	0.209242424	0.309242424	0.409242424	0.509242424	0.609242424
C02539	0.34761995	0.44761995	0.54761995	0.64761995	0.74761995	0.84761995
C01121	2.279801601	2.379801601	2.479801601	2.579801601	2.679801601	2.779801601
C06729	-0.678603101	-0.578603101	-0.478603101	-0.378603101	-0.278603101	-0.178603101
C00604	-0.507383734	-0.407383734	-0.307383734	-0.207383734	-0.107383734	-0.007383734
C14317	-0.377829589	-0.277829589	-0.177829589	-0.077829589	0.022170411	0.122170411
C07590	0.979092371	1.079092371	1.179092371	1.279092371	1.379092371	1.479092371
C15569	-1.648777587	-1.548777587	-1.448777587	-1.348777587	-1.248777587	-1.148777587
C02762	0.844087321	0.944087321	1.044087321	1.144087321	1.244087321	1.344087321
C03667	-0.07215408	0.02784592	0.12784592	0.22784592	0.32784592	0.42784592
C10695	1.048942548	1.148942548	1.248942548	1.348942548	1.448942548	1.548942548
C05512	0.270835361	0.370835361	0.470835361	0.570835361	0.670835361	0.770835361
C03979	-0.958580914	-0.858580914	-0.758580914	-0.658580914	-0.558580914	-0.458580914
C01557	2.719066137	2.819066137	2.919066137	3.019066137	3.119066137	3.219066137
C07502	-0.197892311	-0.097892311	0.002107689	0.102107689	0.202107689	0.302107689
C00809	-0.525156968	-0.425156968	-0.325156968	-0.225156968	-0.125156968	-0.025156968
C07778	1.245566769	1.345566769	1.445566769	1.545566769	1.645566769	1.745566769
C06131	0.759950882	0.859950882	0.959950882	1.059950882	1.159950882	1.259950882
C05422	2.353066192	2.453066192	2.553066192	2.653066192	2.753066192	2.853066192
C06341	0.002409715	0.102409715	0.202409715	0.302409715	0.402409715	0.502409715
C06548	0.211620213	0.311620213	0.411620213	0.511620213	0.611620213	0.711620213
C09162	-1.279291239	-1.179291239	-1.079291239	-0.979291239	-0.879291239	-0.779291239
C11450	0.054919636	0.154919636	0.254919636	0.354919636	0.454919636	0.554919636
C06367	-0.13615418	-0.03615418	0.06384582	0.16384582	0.26384582	0.36384582
C05261	-0.603778242	-0.503778242	-0.403778242	-0.303778242	-0.203778242	-0.103778242
C00179	-1.329325411	-1.229325411	-1.129325411	-1.029325411	-0.929325411	-0.829325411
C06419	-0.924957229	-0.824957229	-0.724957229	-0.624957229	-0.524957229	-0.424957229
C06464	0.573234098	0.673234098	0.773234098	0.873234098	0.973234098	1.073234098
C07120	-0.058394858	0.041605142	0.141605142	0.241605142	0.341605142	0.441605142
C07581	-0.492662124	-0.392662124	-0.292662124	-0.192662124	-0.092662124	0.007337876
C13433	-0.210195722	-0.110195722	-0.010195722	0.089804278	0.189804278	0.289804278
C00506	1.143165589	1.243165589	1.343165589	1.443165589	1.543165589	1.643165589
C00514	-0.803068969	-0.703068969	-0.603068969	-0.503068969	-0.403068969	-0.303068969
C11721	-0.63284268	-0.53284268	-0.43284268	-0.33284268	-0.23284268	-0.13284268
C03419	1.625850662	1.725850662	1.825850662	1.925850662	2.025850662	2.125850662
C03281	-0.181821462	-0.081821462	0.018178538	0.118178538	0.218178538	0.318178538
C00120	-0.962541847	-0.862541847	-0.762541847	-0.662541847	-0.562541847	-0.462541847
C06196	-1.282926336	-1.182926336	-1.082926336	-0.982926336	-0.882926336	-0.782926336
C03640	0.18886055	0.28886055	0.38886055	0.48886055	0.58886055	0.68886055
C03672	-1.190030138	-1.090030138	-0.990030138	-0.890030138	-0.790030138	-0.690030138
C11307	-1.644474746	-1.544474746	-1.444474746	-1.344474746	-1.244474746	-1.144474746
C09332	0.050302332	0.150302332	0.250302332	0.350302332	0.450302332	0.550302332
C03837	0.304934609	0.404934609	0.504934609	0.604934609	0.704934609	0.804934609
C06176	0.055564378	0.155564378	0.255564378	0.355564378	0.455564378	0.555564378
C12987	-1.193346447	-1.093346447	-0.993346447	-0.893346447	-0.793346447	-0.693346447
C09239	0.633678895	0.733678895	0.833678895	0.933678895	1.033678895	1.133678895
C01324	-0.424454839	-0.324454839	-0.224454839	-0.124454839	-0.024454839	0.075545161
C07271	0.987977025	1.087977025	1.187977025	1.287977025	1.387977025	1.487977025
C14818	0.764383636	0.864383636	0.964383636	1.064383636	1.164383636	1.264383636
C04944	-0.089337211	0.010662789	0.110662789	0.210662789	0.310662789	0.410662789
C11166	-1.103881938	-1.003881938	-0.903881938	-0.803881938	-0.703881938	-0.603881938
C00739	-0.14137008	-0.04137008	0.05862992	0.15862992	0.25862992	0.35862992
C08322	-0.655841138	-0.555841138	-0.455841138	-0.355841138	-0.255841138	-0.155841138
C14779	1.603822851	1.703822851	1.803822851	1.903822851	2.003822851	2.103822851
C05950	0.224218886	0.324218886	0.424218886	0.524218886	0.624218886	0.724218886
C00686	-0.120442086	-0.020442086	0.079557914	0.179557914	0.279557914	0.379557914
C02792	0.471432533	0.571432533	0.671432533	0.771432533	0.871432533	0.971432533
C02411	0.010903186	0.110903186	0.210903186	0.310903186	0.410903186	0.510903186
C00854	-1.606482752	-1.506482752	-1.406482752	-1.306482752	-1.206482752	-1.106482752
C02376	-0.236194569	-0.136194569	-0.036194569	0.063805431	0.163805431	0.263805431
C04840	-2.183585246	-2.083585246	-1.983585246	-1.883585246	-1.783585246	-1.683585246
C02895	-0.682167941	-0.582167941	-0.482167941	-0.382167941	-0.282167941	-0.182167941
C02774	-0.963576555	-0.863576555	-0.763576555	-0.663576555	-0.563576555	-0.463576555
C05058	0.755040186	0.855040186	0.955040186	1.055040186	1.155040186	1.255040186
C02678	1.897272671	1.997272671	2.097272671	2.197272671	2.297272671	2.397272671
C03023	0.377239422	0.477239422	0.577239422	0.677239422	0.777239422	0.877239422
C00008	0.736896552	0.836896552	0.936896552	1.036896552	1.136896552	1.236896552
C09833	-0.026379202	0.073620798	0.173620798	0.273620798	0.373620798	0.473620798
C14439	0.366238199	0.466238199	0.566238199	0.666238199	0.766238199	0.866238199
C05114	0.761946366	0.861946366	0.961946366	1.061946366	1.161946366	1.261946366
C03590	-1.451914834	-1.351914834	-1.251914834	-1.151914834	-1.051914834	-0.951914834
C11944	-0.287342661	-0.187342661	-0.087342661	0.012657339	0.112657339	0.212657339
C14762	-0.291066022	-0.191066022	-0.091066022	0.008933978	0.108933978	0.208933978
C07931	0.452606996	0.552606996	0.652606996	0.752606996	0.852606996	0.952606996
C00568	-0.20323893	-0.10323893	-0.00323893	0.09676107	0.19676107	0.29676107
C07146	-1.266893934	-1.166893934	-1.066893934	-0.966893934	-0.866893934	-0.766893934
C00447	0.859932434	0.959932434	1.059932434	1.159932434	1.259932434	1.359932434
C07750	-1.907743807	-1.807743807	-1.707743807	-1.607743807	-1.507743807	-1.407743807
C00984	-1.385045232	-1.285045232	-1.185045232	-1.085045232	-0.985045232	-0.885045232
C00378	-0.00081965	0.09918035	0.19918035	0.29918035	0.39918035	0.49918035
C10627	-0.282279704	-0.182279704	-0.082279704	0.017720296	0.117720296	0.217720296
C06201	-0.155749366	-0.055749366	0.044250634	0.144250634	0.244250634	0.344250634
C02216	0.389267381	0.489267381	0.589267381	0.689267381	0.789267381	0.889267381
