	column1	column2	column3	column4	column5	column6	column7	column8	column9
row1	0.904741599	-0.352298232	0.501609629	1.26769942	0.82512288	0.162152172	-0.28698674	0.680326224	-0.162965793
row2	0.908829723	0.791571206	1.072631555	0.012995209	0.13919778	0.468336933	1.281494767	0.389982559	-0.347353489
row3	0.280746678	0.029874969	0.705259481	1.215142348	0.174726728	0.209491202	-0.642357861	-0.313953038	0.217590745
row4	0.027295584	0.758109687	0.533350435	-0.496374244	-0.52611141	0.567243569	0.812709571	-0.014273378	1.084477983
row5	-0.325524448	1.032646517	1.124957285	0.666951471	0.449058372	1.042368646	2.620519967	0.758235302	-0.233327677
row6	0.584032692	-0.473737307	0.545248324	0.868247982	-0.197637175	-0.035654043	-0.320353004	1.055341358	0.777169015
row7	0.395103414	1.149113796	0.211265999	0.410046884	1.259608856	1.631592588	0.813780622	-0.041684533	-0.103958639
row8	2.19872624	0.554924069	0.768006379	0.793161743	0.682625868	-0.287194345	-0.220581608	0.496751928	-0.110243281
row9	1.027090512	-0.128046096	0.455717444	0.367174187	0.276721392	0.225752027	-0.512064395	1.893456568	1.179906914
